##############################################################################
# Class:   amsMappingPar
# Context: AmsMappingContext
##############################################################################
[amsMappingPar]
//----------------------------------------------------------------------------
amsGeoPar:  Int_t  2019 
amsDetPar:  Int_t  4 
amsSamPar:  Int_t \
  5 5 4 4 
amsGtbPar:  Int_t \
  0 1 0 1 
amsSideremPar:  Int_t \
  1 1 1 1 
amsDistance2targetPar:  Float_t \
  0 0 0 0 
amsAngleThetaPar:  Float_t \
  0 0 0 0 
amsOffsetYPar:  Float_t \
  0 0 0 0 
##############################################################################
##############################################################################
# Class:   amsStripCalPar
# Context: AMSCalParContext
##############################################################################
[amsStripCalPar]
//----------------------------------------------------------------------------
amsStripCalPar:  Float_t \
  0 358 3.26193 0 485.5 3.49493 0 519 3.72793 0  \
  494 3.72793 0 491.5 3.49493 0 518.5 3.49493 0 501  \
  3.72793 0 486 3.72793 0 509 3.26193 0 483 3.72793  \
  0 518.5 3.96092 0 517.5 3.49493 0 537.5 3.49493 0  \
  496 3.72793 0 544 3.72793 0 524.5 3.49493 0 516  \
  3.26193 0 550 3.72793 0 547.5 3.49493 0 527.5 3.49493  \
  0 524 3.72793 0 523.5 3.49493 0 499 3.26193 0  \
  496.5 3.49493 0 535 3.72793 0 508 3.72793 0 530.5  \
  3.49493 0 538.5 3.96092 0 487.5 3.49493 0 530.5 3.49493  \
  0 515.5 3.49493 0 534 3.72793 0 526 3.72793 0  \
  514.5 3.49493 0 510 3.72793 0 517 3.72793 0 518.5  \
  3.96092 0 560.5 3.49493 0 488.5 3.49493 0 517 3.26193  \
  0 507 3.26193 0 508 3.72793 0 496 3.72793 0  \
  502.5 3.49493 0 492.5 3.49493 0 540.5 3.49493 0 506  \
  3.72793 0 546 3.26193 0 521 3.26193 0 502.5 3.96092  \
  0 534 3.72793 0 530 3.72793 0 543.5 3.96092 0  \
  540.5 3.96092 0 522 4.19391 0 509.5 3.49493 0 533  \
  3.26193 0 556 3.26193 0 553.5 3.49493 0 516.5 3.96092  \
  0 530 3.72793 0 509 3.26193 0 527 3.26193 0  \
  538.5 3.49493 0 342.5 3.02894 0 438.5 3.49493 0 486.5  \
  3.49493 0 496 4.19391 0 518 3.72793 0 512 3.72793  \
  0 480.5 3.96092 0 505.5 3.49493 0 494.5 3.49493 0  \
  538 3.72793 0 547.5 3.49493 0 500.5 3.96092 0 530.5  \
  3.49493 0 495.5 3.49493 0 543 3.72793 0 530.5 3.49493  \
  0 509 3.72793 0 498.5 3.49493 0 527.5 3.49493 0  \
  508 3.26193 0 520 3.26193 0 539 3.26193 0 488  \
  3.26193 0 495.5 3.02894 0 497 3.72793 0 528.5 3.49493  \
  0 505 3.72793 0 499 3.72793 0 524.5 3.49493 0  \
  507.5 3.96092 0 516.5 3.49493 0 487 3.26193 0 497.5  \
  3.49493 0 504 3.72793 0 473 3.72793 0 505.5 3.02894  \
  0 508.5 3.49493 0 489 3.72793 0 497.5 3.49493 0  \
  478.5 3.49493 0 499.5 3.96092 0 525 3.72793 0 494.5  \
  3.49493 0 512 3.72793 0 521 3.72793 0 523 3.72793  \
  0 522.5 3.49493 0 534.5 3.49493 0 519 3.72793 0  \
  513.5 3.96092 0 521 3.26193 0 521 3.72793 0 516  \
  3.72793 0 526 3.72793 0 481 3.72793 0 534.5 3.49493  \
  0 510.5 3.49493 0 505 3.26193 0 487 3.26193 0  \
  493 3.26193 0 510.5 3.49493 0 516 3.26193 0 460  \
  3.72793 0 477 3.72793 0 329.5 3.02894 0 468 3.72793  \
  0 498.5 3.49493 0 512 3.72793 0 520 3.72793 0  \
  512.5 3.49493 0 509.5 3.96092 0 483 3.26193 0 521.5  \
  3.49493 0 513 3.72793 0 506.5 3.49493 0 499 3.72793  \
  0 530 3.72793 0 523.5 3.49493 0 513.5 3.49493 0  \
  499 3.26193 0 500.5 3.49493 0 531.5 3.49493 0 533.5  \
  3.49493 0 525.5 3.96092 0 537 3.26193 0 518.5 3.02894  \
  0 525 3.26193 0 505.5 3.49493 0 529.5 3.49493 0  \
  548.5 3.49493 0 504.5 3.96092 0 514.5 3.96092 0 514  \
  3.72793 0 519 3.26193 0 493.5 3.02894 0 522.5 3.49493  \
  0 518 3.72793 0 514 3.26193 0 527.5 3.49493 0  \
  515 3.72793 0 533.5 3.49493 0 526 3.26193 0 521  \
  3.72793 0 489 3.72793 0 531 3.72793 0 559 3.26193  \
  0 539 3.72793 0 538.5 3.49493 0 543.5 3.49493 0  \
  519 3.72793 0 532 3.26193 0 525 3.72793 0 527.5  \
  3.49493 0 516.5 3.49493 0 547 3.26193 0 527 4.19391  \
  0 542.5 3.02894 0 537.5 3.49493 0 543.5 3.49493 0  \
  538 3.72793 0 523 3.72793 0 532.5 3.49493 0 512.5  \
  3.49493 0 528.5 3.49493 0 552 3.72793 0 525 3.72793  \
  0 534 3.26193 0 548 3.26193 0 355.5 3.02894 0  \
  62 0.931981 0 502 3.72793 0 519 3.72793 0 526.5  \
  3.49493 0 576.5 3.49493 0 545 3.26193 0 497 3.72793  \
  0 514 3.72793 0 523 3.26193 0 549.5 3.49493 0  \
  561.5 3.49493 0 559 3.72793 0 552.5 3.49493 0 544.5  \
  3.02894 0 544 3.26193 0 520.5 3.49493 0 539 3.26193  \
  0 530.5 3.49493 0 525 3.72793 0 528.5 3.49493 0  \
  542 3.26193 0 509 3.26193 0 540 3.26193 0 482  \
  3.72793 0 532 3.72793 0 511.5 3.96092 0 509.5 3.02894  \
  0 516 3.72793 0 511.5 3.49493 0 489.5 3.49493 0  \
  537.5 3.49493 0 503 3.72793 0 562.5 3.96092 0 511.5  \
  3.49493 0 550.5 3.49493 0 529.5 3.02894 0 553.5 3.49493  \
  0 514 3.26193 0 530.5 3.49493 0 525.5 3.96092 0  \
  549 3.26193 0 542.5 3.49493 0 532 3.26193 0 522  \
  3.72793 0 527 3.72793 0 545.5 3.49493 0 541.5 3.49493  \
  0 535.5 3.96092 0 540.5 3.02894 0 561 3.26193 0  \
  524.5 3.02894 0 540 3.72793 0 549 3.72793 0 566  \
  3.72793 0 508.5 3.96092 0 516.5 3.49493 0 529 3.72793  \
  0 533.5 3.49493 0 511.5 3.49493 0 557.5 3.49493 0  \
  548 3.72793 0 538.5 3.96092 0 546 3.26193 0 334.5  \
  3.02894 0 63 0.465991 0 539.5 3.96092 0 516 3.26193  \
  0 514 3.72793 0 517.5 3.96092 0 505.5 3.49493 0  \
  522 3.26193 0 488.5 3.96092 0 516.5 3.49493 0 546  \
  3.72793 0 523.5 3.49493 0 517.5 3.49493 0 541.5 3.96092  \
  0 526 3.72793 0 549.5 3.49493 0 503.5 3.49493 0  \
  516.5 3.49493 0 533 3.26193 0 557 3.72793 0 546  \
  3.26193 0 534.5 3.49493 0 517.5 3.96092 0 511 3.72793  \
  0 514.5 3.49493 0 536 3.72793 0 527 3.26193 0  \
  530 3.72793 0 512 3.72793 0 506 3.72793 0 549  \
  3.26193 0 517.5 3.49493 0 518 3.72793 0 556 4.19391  \
  0 522.5 3.49493 0 521.5 3.49493 0 532 3.72793 0  \
  510.5 3.49493 0 549.5 3.02894 0 523.5 3.49493 0 527.5  \
  3.49493 0 534.5 3.49493 0 528.5 3.49493 0 520.5 3.49493  \
  0 512 3.72793 0 558 3.72793 0 504.5 3.49493 0  \
  541 3.72793 0 513 3.26193 0 546.5 3.96092 0 531.5  \
  3.49493 0 524 3.26193 0 558 3.26193 0 547 3.26193  \
  0 497 3.26193 0 524 3.26193 0 515 3.72793 0  \
  509.5 3.49493 0 517 3.72793 0 514.5 3.02894 0 522  \
  3.72793 0 535 3.72793 0 542.5 3.96092 0 503.5 3.49493  \
  0 416 3.26193 0 478.5 3.49493 0 511.5 3.02894 0  \
  529.5 3.02894 0 508.5 3.02894 0 528 3.26193 0 514.5  \
  3.49493 0 507 3.26193 0 521 3.26193 0 518 2.79594  \
  0 500 3.26193 0 522 3.26193 0 569 3.26193 0  \
  520 3.26193 0 537.5 3.49493 0 547.5 2.56295 0 529.5  \
  3.02894 0 541 3.26193 0 513.5 3.02894 0 538 3.26193  \
  0 502 3.26193 0 535 3.26193 0 539 3.26193 0  \
  538 3.26193 0 521 3.26193 0 540.5 3.49493 0 539.5  \
  3.02894 0 505 3.26193 0 523 2.79594 0 538 3.26193  \
  0 526.5 3.02894 0 493.5 3.02894 0 520.5 3.02894 0  \
  533.5 3.49493 0 553 3.26193 0 528.5 3.02894 0 508.5  \
  3.49493 0 552.5 3.02894 0 543.5 3.02894 0 541.5 3.02894  \
  0 528.5 3.02894 0 572.5 3.02894 0 513.5 3.02894 0  \
  535.5 3.02894 0 533.5 3.02894 0 551 2.79594 0 545.5  \
  3.02894 0 536 3.26193 0 544 3.26193 0 537.5 3.02894  \
  0 546 2.79594 0 568 3.26193 0 547 3.26193 0  \
  538 3.26193 0 568 3.26193 0 557.5 3.02894 0 544  \
  3.26193 0 562.5 3.02894 0 560.5 3.49493 0 550 3.26193  \
  0 552 2.79594 0 536 3.26193 0 560.5 3.02894 0  \
  545 3.26193 0 349 3.26193 0 425.5 3.02894 0 479.5  \
  3.02894 0 503.5 3.02894 0 505 3.26193 0 488.5 3.02894  \
  0 493 2.79594 0 489.5 3.02894 0 502.5 3.02894 0  \
  503 3.26193 0 530 3.26193 0 526 3.26193 0 482  \
  3.26193 0 533.5 3.02894 0 468.5 3.02894 0 496 2.79594  \
  0 510.5 3.49493 0 527.5 3.49493 0 509 3.26193 0  \
  521 2.79594 0 487 3.26193 0 535.5 3.02894 0 524.5  \
  3.02894 0 512 3.26193 0 525.5 3.49493 0 531.5 3.49493  \
  0 518 3.26193 0 524.5 3.02894 0 526 3.26193 0  \
  544 3.26193 0 525.5 3.02894 0 524.5 3.02894 0 501  \
  3.26193 0 520 3.26193 0 514 2.79594 0 527 3.26193  \
  0 533 3.26193 0 510 2.79594 0 522 3.26193 0  \
  502.5 3.02894 0 540.5 3.02894 0 523 3.26193 0 503  \
  3.26193 0 552.5 3.02894 0 507 3.26193 0 521.5 3.02894  \
  0 536 3.26193 0 534.5 3.02894 0 512.5 3.02894 0  \
  551.5 3.02894 0 520.5 3.02894 0 508.5 3.49493 0 545.5  \
  3.02894 0 528.5 3.02894 0 536.5 3.02894 0 517.5 3.02894  \
  0 500 3.26193 0 536 3.26193 0 530 3.26193 0  \
  552.5 3.02894 0 533.5 3.02894 0 532 3.26193 0 557  \
  3.72793 0 496.5 3.49493 0 409 3.26193 0 479.5 3.02894  \
  0 493 3.26193 0 539.5 3.02894 0 555 3.26193 0  \
  561.5 3.02894 0 534.5 3.02894 0 559 3.26193 0 510  \
  3.26193 0 569.5 3.02894 0 529 3.26193 0 555 3.26193  \
  0 544 3.26193 0 499 3.26193 0 554 3.26193 0  \
  534 3.26193 0 558.5 3.02894 0 555.5 3.02894 0 559  \
  2.79594 0 510 3.26193 0 537.5 3.02894 0 531.5 3.02894  \
  0 528.5 2.56295 0 529.5 3.02894 0 519.5 3.02894 0  \
  522 3.26193 0 559 2.79594 0 550.5 3.49493 0 543  \
  3.26193 0 544.5 3.02894 0 546 3.26193 0 544 2.79594  \
  0 507.5 3.02894 0 547.5 3.49493 0 551 2.79594 0  \
  535.5 3.02894 0 531.5 3.02894 0 539.5 3.49493 0 561.5  \
  3.02894 0 529 3.26193 0 540 3.26193 0 547.5 3.02894  \
  0 538 3.26193 0 520 3.26193 0 554 3.26193 0  \
  563.5 3.02894 0 532 3.26193 0 575 3.26193 0 532  \
  3.26193 0 566 3.26193 0 521 3.26193 0 539.5 3.02894  \
  0 520.5 3.02894 0 545.5 3.02894 0 557 3.72793 0  \
  540.5 3.02894 0 538 3.26193 0 556.5 3.49493 0 545.5  \
  3.02894 0 557 3.26193 0 547.5 3.02894 0 567.5 3.02894  \
  0 558.5 3.02894 0 556 3.26193 0 387 3.26193 0  \
  350.5 3.02894 0 482.5 3.49493 0 534.5 3.02894 0 524  \
  3.26193 0 510.5 3.02894 0 517.5 3.02894 0 502.5 3.49493  \
  0 529 3.26193 0 516.5 3.02894 0 539.5 3.02894 0  \
  523 2.79594 0 522.5 3.49493 0 534.5 3.02894 0 525.5  \
  3.02894 0 531 3.26193 0 522 3.26193 0 521 2.79594  \
  0 528 2.79594 0 527 3.26193 0 520 2.79594 0  \
  543.5 3.02894 0 539.5 2.56295 0 491.5 3.02894 0 521.5  \
  3.02894 0 534 3.26193 0 554 3.26193 0 519 2.79594  \
  0 513.5 3.02894 0 522.5 3.02894 0 531 3.26193 0  \
  548 3.26193 0 537.5 3.02894 0 491.5 3.02894 0 553  \
  2.79594 0 557 3.26193 0 519.5 3.02894 0 526.5 3.49493  \
  0 539.5 3.02894 0 541 3.26193 0 560.5 3.02894 0  \
  524.5 3.49493 0 555.5 3.02894 0 520 3.26193 0 538.5  \
  3.02894 0 508 3.26193 0 549 3.26193 0 529.5 3.02894  \
  0 510.5 3.02894 0 540.5 3.02894 0 541.5 3.02894 0  \
  549.5 3.49493 0 521.5 3.02894 0 528 2.79594 0 557  \
  3.26193 0 531.5 3.02894 0 546.5 3.02894 0 561.5 3.02894  \
  0 514 3.26193 0 570.5 3.49493 0 543 2.79594 0  \
  519 3.26193 0 534 3.26193 0 518 2.79594 0 324  \
  2.79594 0 356 3.26193 0 460.5 3.49493 0 502.5 3.49493  \
  0 520.5 3.49493 0 474 3.26193 0 509 2.79594 0  \
  492 3.26193 0 501 3.26193 0 498.5 3.02894 0 510.5  \
  2.56295 0 515 3.26193 0 462 3.26193 0 496.5 3.02894  \
  0 516.5 3.02894 0 510 3.26193 0 509.5 3.02894 0  \
  546 3.26193 0 533 3.26193 0 497.5 3.02894 0 537.5  \
  3.02894 0 516.5 3.02894 0 536.5 3.49493 0 503.5 3.49493  \
  0 560 3.26193 0 522 3.26193 0 534 3.26193 0  \
  535 3.26193 0 538.5 3.02894 0 522 3.26193 0 527.5  \
  3.02894 0 530.5 3.02894 0 527 2.79594 0 544 3.26193  \
  0 514.5 3.02894 0 505.5 3.02894 0 539.5 3.49493 0  \
  525.5 3.02894 0 532.5 3.02894 0 501 3.26193 0 502  \
  3.26193 0 516.5 3.02894 0 523.5 3.02894 0 522 3.26193  \
  0 514 3.26193 0 544 3.26193 0 530 2.79594 0  \
  539 2.79594 0 532 3.26193 0 545 2.79594 0 526.5  \
  3.49493 0 532 3.72793 0 534.5 3.02894 0 520.5 3.49493  \
  0 539.5 3.49493 0 529 4.19391 0 521 3.72793 0  \
  561 3.26193 0 565.5 3.02894 0 550 3.26193 0 534  \
  3.26193 0 561 3.26193 0 586 2.79594 0 518 3.26193  \
  0 401 2.79594 0 403 3.26193 0 386 2.79594 0  \
  378.5 3.02894 0 363.5 3.02894 0 392.5 3.02894 0 361.5  \
  3.02894 0 370 3.26193 0 390.5 3.49493 0 376.5 3.02894  \
  0 387.5 3.02894 0 361.5 3.02894 0 352.5 3.49493 0  \
  346 3.26193 0 380 3.26193 0 395 3.26193 0 388.5  \
  3.02894 0 379 2.79594 0 402 2.79594 0 393 3.72793  \
  0 398.5 3.02894 0 384.5 3.49493 0 410.5 3.02894 0  \
  403.5 3.49493 0 394 3.26193 0 417.5 3.02894 0 396  \
  2.79594 0 381.5 3.02894 0 390.5 3.02894 0 394 3.26193  \
  0 388.5 3.02894 0 410.5 3.02894 0 371 2.79594 0  \
  402.5 3.02894 0 390 11.6498 0 404.5 13.2807 0 370  \
  3.26193 0 435 3.26193 0 401 2.79594 0 440.5 3.49493  \
  0 422 3.26193 0 424.5 3.49493 0 388 3.26193 0  \
  418.5 3.02894 0 413.5 3.02894 0 419 2.79594 0 382  \
  3.26193 0 399 3.26193 0 409 3.72793 0 410.5 3.02894  \
  0 405 2.79594 0 383.5 3.02894 0 406.5 3.49493 0  \
  388.5 3.02894 0 400 3.26193 0 402 2.79594 0 396  \
  3.26193 0 396 2.79594 0 386 3.26193 0 412 2.79594  \
  0 386 2.79594 0 399 2.79594 0 394 3.72793 0  \
  410 2.79594 0 513 2.79594 0 475.5 3.02894 0 421  \
  3.26193 0 425.5 3.49493 0 427 2.79594 0 428 3.26193  \
  0 404 3.26193 0 416.5 3.02894 0 420 3.26193 0  \
  406 3.26193 0 424 3.26193 0 416.5 2.56295 0 407  \
  2.79594 0 409 3.26193 0 400 3.26193 0 403 3.26193  \
  0 369 2.79594 0 413 2.79594 0 389.5 3.49493 0  \
  395 3.26193 0 401 3.26193 0 387 3.26193 0 401.5  \
  3.02894 0 433 3.26193 0 406.5 3.02894 0 382 2.79594  \
  0 401.5 3.02894 0 389 3.72793 0 370 2.79594 0  \
  383.5 3.02894 0 404.5 3.49493 0 374.5 3.02894 0 387  \
  3.26193 0 381.5 3.49493 0 373.5 3.02894 0 395 2.79594  \
  0 376 3.26193 0 372.5 3.02894 0 371 3.26193 0  \
  397 3.26193 0 344 3.26193 0 356.5 3.49493 0 371.5  \
  3.02894 0 357 3.26193 0 367 2.79594 0 372 2.79594  \
  0 385.5 3.02894 0 382.5 3.02894 0 368.5 3.02894 0  \
  367.5 3.02894 0 383.5 3.02894 0 383 3.26193 0 353  \
  2.79594 0 373.5 3.02894 0 364.5 3.02894 0 338 3.26193  \
  0 365.5 3.02894 0 348.5 3.02894 0 366.5 3.02894 0  \
  405 3.26193 0 358.5 3.02894 0 331.5 2.56295 0 391.5  \
  3.49493 0 387.5 3.49493 0 506 3.26193 0 438 3.26193  \
  0 443 3.26193 0 439.5 3.49493 0 436.5 3.49493 0  \
  414.5 3.02894 0 425.5 3.49493 0 415.5 3.02894 0 406  \
  2.79594 0 413.5 3.02894 0 408 3.26193 0 391 3.26193  \
  0 390.5 3.49493 0 408.5 3.02894 0 391 3.26193 0  \
  398 2.79594 0 394 3.26193 0 401 3.26193 0 389.5  \
  3.02894 0 396 3.26193 0 381 3.26193 0 390 3.26193  \
  0 397 3.72793 0 406.5 3.02894 0 403 3.26193 0  \
  368.5 3.02894 0 409 3.26193 0 397.5 3.49493 0 410  \
  3.26193 0 438.5 2.56295 0 379 3.26193 0 417 2.79594  \
  0 407.5 3.49493 0 389 2.79594 0 423.5 3.02894 0  \
  404.5 3.02894 0 381 3.26193 0 395.5 3.02894 0 388.5  \
  2.56295 0 384 3.26193 0 416 3.26193 0 387 3.26193  \
  0 425.5 3.49493 0 412 2.79594 0 410 3.26193 0  \
  405.5 3.02894 0 391 3.26193 0 399 3.26193 0 404  \
  2.79594 0 380.5 3.02894 0 364.5 3.02894 0 387 3.26193  \
  0 351 2.79594 0 380.5 3.02894 0 410.5 3.02894 0  \
  410.5 3.02894 0 393 3.26193 0 364.5 3.02894 0 390  \
  3.26193 0 380 3.26193 0 412.5 3.49493 0 395 2.79594  \
  0 406 3.26193 0 395 3.26193 0 434 3.26193 0  \
  395 3.26193 0 340 2.79594 0 342 3.26193 0 383.5  \
  3.02894 0 311.5 3.02894 0 367 3.26193 0 359 3.26193  \
  0 348.5 3.02894 0 352 2.79594 0 373 2.79594 0  \
  337.5 3.49493 0 355.5 3.49493 0 352 3.26193 0 362  \
  3.26193 0 378.5 3.02894 0 347 2.79594 0 368 2.79594  \
  0 351.5 3.02894 0 378 3.26193 0 340 2.79594 0  \
  370.5 3.49493 0 374.5 3.02894 0 371 2.79594 0 380  \
  2.79594 0 358.5 3.49493 0 383 3.26193 0 360.5 3.02894  \
  0 382.5 3.02894 0 364.5 3.02894 0 377.5 3.02894 0  \
  396 3.26193 0 381 2.79594 0 386.5 3.02894 0 375.5  \
  3.02894 0 378.5 3.02894 0 387 2.79594 0 378 3.26193  \
  0 385.5 3.02894 0 393 3.26193 0 392.5 3.02894 0  \
  392.5 3.02894 0 417.5 3.02894 0 355.5 3.49493 0 403  \
  3.26193 0 386 2.79594 0 393.5 3.02894 0 395 2.79594  \
  0 406.5 3.02894 0 380.5 3.02894 0 378.5 3.49493 0  \
  405.5 3.02894 0 381 3.26193 0 410 3.26193 0 381  \
  3.26193 0 399 2.79594 0 397.5 3.02894 0 382 3.72793  \
  0 388 3.26193 0 408.5 3.02894 0 379.5 3.02894 0  \
  407.5 3.49493 0 382 3.26193 0 399.5 3.02894 0 477.5  \
  3.02894 0 427.5 3.49493 0 429.5 3.49493 0 413.5 3.02894  \
  0 416.5 3.02894 0 410 3.26193 0 404 3.26193 0  \
  430.5 3.02894 0 398 3.26193 0 364 2.79594 0 392  \
  3.26193 0 380 3.26193 0 401.5 3.02894 0 403.5 3.02894  \
  0 373 3.26193 0 395.5 3.02894 0 399 3.26193 0  \
  390 3.26193 0 414 3.26193 0 382 3.26193 0 385  \
  3.26193 0 383.5 3.02894 0 386 3.26193 0 411 2.79594  \
  0 362.5 3.02894 0 369.5 3.02894 0 372 3.26193 0  \
  355 3.26193 0 381.5 3.02894 0 377 3.26193 0 412.5  \
  3.02894 0 384 3.26193 0 431.5 3.02894 0 341 3.26193  \
  0 344 3.26193 0 390.5 3.49493 0 384.5 3.49493 0  \
  364.5 3.49493 0 369.5 3.49493 0 394.5 3.02894 0 390.5  \
  3.49493 0 382.5 3.02894 0 340 2.79594 0 381.5 3.02894  \
  0 387 3.26193 0 361.5 3.49493 0 360 3.26193 0  \
  351.5 3.02894 0 376.5 3.49493 0 358 2.79594 0 363.5  \
  3.02894 0 346.5 3.49493 0 369.5 3.02894 0 374.5 3.02894  \
  0 362 2.79594 0 384.5 3.02894 0 346.5 3.02894 0  \
  356 3.26193 0 370.5 3.02894 0 341 2.79594 0 364  \
  3.26193 0 343.5 3.49493 0 247 0.465991 0 127 0.465991  \
  0 -1 0 0 344 3.72793 0 328.5 2.56295 0  \
  363 3.26193 0 372.5 3.02894 0 362.5 3.02894 0 376  \
  3.26193 0 394 3.26193 0 392.5 3.49493 0 383.5 3.02894  \
  0 380.5 3.02894 0 407 3.26193 0 406.5 3.02894 0  \
  367.5 3.49493 0 407.5 3.02894 0 394 3.26193 0 383  \
  2.79594 0 397 2.79594 0 392 2.79594 0 415 2.79594  \
  0 396.5 3.49493 0 400.5 3.49493 0 383.5 3.02894 0  \
  402 2.79594 0 401.5 3.02894 0 375 3.26193 0 364  \
  3.26193 0 374 3.26193 0 395 3.26193 0 419 3.26193  \
  0 401.5 3.02894 0 402.5 3.02894 0 385.5 3.02894 0  \
  393.5 3.02894 0 403 2.79594 0 366 2.79594 0 379  \
  3.26193 0 387.5 3.02894 0 362 3.26193 0 381.5 3.49493  \
  0 383 3.26193 0 390.5 3.02894 0 367.5 3.02894 0  \
  387.5 3.02894 0 352.5 3.02894 0 371.5 2.56295 0 400.5  \
  5.35889 0 396.5 2.56295 0 359.5 3.02894 0 365.5 3.02894  \
  0 376 3.26193 0 397 3.26193 0 396.5 3.02894 0  \
  361 2.79594 0 394 3.26193 0 399.5 3.02894 0 374.5  \
  3.49493 0 374 3.26193 0 367.5 3.02894 0 378.5 3.49493  \
  0 384 3.26193 0 395 3.26193 0 375.5 3.02894 0  \
  368 2.79594 0 414.5 2.56295 0 433.5 6.29087 0 507  \
  5.59189 0 507 3.72793 0 498.5 3.49493 0 420 4.19391  \
  0 446.5 3.49493 0 455.5 3.49493 0 465.5 3.49493 0  \
  484 3.26193 0 452.5 3.02894 0 451.5 3.49493 0 500.5  \
  3.49493 0 494 3.26193 0 480.5 3.49493 0 496 3.72793  \
  0 529.5 3.49493 0 442 3.72793 0 442 3.72793 0  \
  479.5 3.49493 0 475 3.26193 0 470 3.26193 0 442  \
  3.72793 0 479.5 3.49493 0 529 3.26193 0 470 3.72793  \
  0 470.5 3.49493 0 545.5 3.49493 0 491.5 3.02894 0  \
  552 3.72793 0 518.5 3.49493 0 553.5 3.49493 0 514.5  \
  3.49493 0 495.5 3.49493 0 518.5 3.02894 0 568 3.72793  \
  0 541 3.26193 0 526 3.26193 0 533.5 3.49493 0  \
  570 3.26193 0 516.5 3.02894 0 588 3.26193 0 510  \
  3.26193 0 540 3.26193 0 556 3.26193 0 541 3.26193  \
  0 513 3.72793 0 520 3.26193 0 605.5 3.49493 0  \
  564.5 3.02894 0 607 3.26193 0 565.5 3.02894 0 568.5  \
  3.49493 0 568 3.26193 0 583.5 3.49493 0 594 3.26193  \
  0 597 3.26193 0 605 3.72793 0 563 3.72793 0  \
  626.5 3.49493 0 580 2.79594 0 634 3.26193 0 594  \
  3.26193 0 620 3.26193 0 383.5 3.02894 0 488.5 3.49493  \
  0 435.5 3.49493 0 493.5 3.02894 0 453 3.72793 0  \
  470.5 3.49493 0 444.5 3.49493 0 521 3.26193 0 453.5  \
  3.49493 0 508 3.26193 0 439 3.26193 0 479 3.26193  \
  0 501 2.79594 0 514.5 3.49493 0 483.5 2.56295 0  \
  507.5 3.49493 0 516 3.26193 0 500.5 3.02894 0 562  \
  3.26193 0 498 3.72793 0 532.5 3.02894 0 519.5 3.49493  \
  0 446.5 3.02894 0 543.5 3.02894 0 508 3.26193 0  \
  480 3.26193 0 471.5 3.02894 0 552.5 3.49493 0 528  \
  3.26193 0 519.5 3.49493 0 491 3.26193 0 553.5 3.02894  \
  0 525 3.26193 0 511.5 3.49493 0 571 2.79594 0  \
  496 3.26193 0 494.5 3.02894 0 547.5 3.02894 0 508  \
  3.26193 0 556.5 3.49493 0 583 3.26193 0 538.5 3.49493  \
  0 540 3.26193 0 594.5 3.02894 0 576 3.26193 0  \
  579 2.79594 0 563 3.72793 0 519.5 3.02894 0 594.5  \
  3.49493 0 612.5 3.49493 0 576 3.26193 0 592 3.26193  \
  0 600 3.26193 0 592 3.26193 0 604.5 3.02894 0  \
  597 3.72793 0 675 3.26193 0 582.5 3.49493 0 607  \
  3.26193 0 656.5 3.49493 0 568 3.72793 0 627 3.72793  \
  0 609 3.72793 0 597.5 3.02894 0 449.5 3.02894 0  \
  454 3.26193 0 520.5 3.02894 0 518.5 3.49493 0 498  \
  3.26193 0 518 3.26193 0 476.5 3.49493 0 526 3.26193  \
  0 496 3.26193 0 498 3.72793 0 472.5 3.02894 0  \
  540.5 3.96092 0 526.5 3.49493 0 487.5 3.49493 0 505  \
  2.79594 0 510 3.26193 0 521 3.26193 0 511 3.26193  \
  0 469 3.26193 0 457.5 3.49493 0 471.5 3.02894 0  \
  492 2.79594 0 513 3.26193 0 483.5 3.02894 0 510.5  \
  3.49493 0 482 3.26193 0 511 3.26193 0 499 3.26193  \
  0 506 3.26193 0 492.5 3.02894 0 488.5 3.49493 0  \
  595 3.72793 0 559 3.72793 0 566 3.26193 0 551  \
  3.72793 0 562 3.72793 0 525 3.26193 0 528 3.26193  \
  0 523.5 3.02894 0 582 3.72793 0 609 3.26193 0  \
  546.5 3.02894 0 566 3.26193 0 568.5 3.49493 0 476  \
  3.26193 0 551.5 3.96092 0 573.5 3.49493 0 631.5 3.49493  \
  0 595.5 3.49493 0 563.5 3.49493 0 566 3.26193 0  \
  596 3.26193 0 551 3.72793 0 546 3.26193 0 572  \
  3.26193 0 583 2.79594 0 588 3.26193 0 553 3.72793  \
  0 578 2.79594 0 562.5 3.02894 0 607.5 3.49493 0  \
  540.5 3.49493 0 545 3.26193 0 587.5 3.49493 0 442  \
  3.26193 0 583 3.72793 0 530 3.72793 0 517 3.72793  \
  0 529 3.72793 0 495.5 3.49493 0 469.5 3.49493 0  \
  509.5 3.49493 0 541.5 3.49493 0 494.5 3.02894 0 489  \
  3.72793 0 540.5 3.49493 0 504.5 3.49493 0 523.5 3.49493  \
  0 509.5 3.49493 0 532 3.72793 0 512 3.26193 0  \
  516 3.26193 0 467 2.79594 0 507 3.72793 0 490  \
  3.26193 0 484 3.26193 0 538.5 3.49493 0 523.5 3.49493  \
  0 545.5 3.49493 0 498 3.26193 0 531.5 3.49493 0  \
  520.5 3.96092 0 531 3.72793 0 507.5 3.49493 0 487  \
  3.26193 0 555 3.26193 0 486 3.72793 0 479.5 3.49493  \
  0 500 3.26193 0 572 3.26193 0 495 3.72793 0  \
  567.5 3.49493 0 523 3.26193 0 529.5 3.49493 0 564.5  \
  3.49493 0 552 3.26193 0 536 3.26193 0 559.5 3.49493  \
  0 588 3.26193 0 553 3.72793 0 556 3.72793 0  \
  580.5 3.49493 0 629.5 3.02894 0 524 3.72793 0 584.5  \
  3.49493 0 570.5 3.96092 0 603 3.26193 0 579 3.26193  \
  0 642.5 3.49493 0 589.5 3.49493 0 590.5 3.02894 0  \
  599 3.72793 0 573 3.26193 0 563 3.26193 0 548  \
  3.26193 0 636 3.26193 0 578.5 2.56295 0 577 2.79594  \
  0 334.5 3.49493 0 465 3.72793 0 397.5 3.49493 0  \
  408.5 3.96092 0 457.5 3.49493 0 412.5 3.49493 0 436  \
  3.72793 0 477.5 3.49493 0 466.5 3.02894 0 465.5 3.49493  \
  0 418.5 3.49493 0 475 3.26193 0 438.5 3.49493 0  \
  464.5 3.49493 0 488 3.72793 0 479 3.26193 0 494.5  \
  3.49493 0 469 3.26193 0 448 2.79594 0 508.5 3.49493  \
  0 429 3.26193 0 515 3.72793 0 470 2.79594 0  \
  561 3.72793 0 496 3.26193 0 474 3.26193 0 485  \
  2.79594 0 471.5 6.29087 0 521.5 3.49493 0 510 3.72793  \
  0 476 3.72793 0 525.5 3.49493 0 518 3.26193 0  \
  511.5 3.49493 0 516 2.79594 0 519 3.72793 0 521.5  \
  3.49493 0 506 3.72793 0 551.5 3.49493 0 556.5 3.96092  \
  0 580 2.79594 0 583 2.79594 0 554.5 3.49493 0  \
  540.5 3.49493 0 567.5 3.49493 0 592 3.72793 0 620.5  \
  3.02894 0 590.5 3.02894 0 609 3.26193 0 539.5 3.49493  \
  0 605 2.79594 0 571 3.26193 0 596 3.26193 0  \
  557.5 3.02894 0 561.5 3.49493 0 552.5 3.49493 0 589  \
  3.72793 0 528 3.26193 0 575 3.26193 0 581.5 3.96092  \
  0 526.5 3.49493 0 528 3.26193 0 534.5 3.49493 0  \
  553 3.72793 0 441.5 3.49493 0 457.5 3.02894 0 353.5  \
  3.49493 0 455 3.26193 0 425 3.26193 0 451.5 3.02894  \
  0 442.5 3.49493 0 446 3.26193 0 462.5 3.49493 0  \
  436.5 3.02894 0 422.5 3.02894 0 483 3.26193 0 454  \
  3.26193 0 498.5 3.49493 0 437 3.26193 0 522 3.72793  \
  0 432 4.19391 0 444.5 3.02894 0 439.5 3.49493 0  \
  449.5 3.02894 0 462 3.72793 0 476.5 3.49493 0 449  \
  3.26193 0 406 3.26193 0 430.5 3.02894 0 449.5 3.49493  \
  0 455.5 3.49493 0 429.5 3.49493 0 449.5 3.02894 0  \
  411 3.26193 0 402 2.79594 0 463 3.72793 0 458  \
  3.72793 0 405.5 3.49493 0 419 3.26193 0 401 3.26193  \
  0 400 3.26193 0 419.5 3.49493 0 442.5 3.02894 0  \
  413 3.72793 0 478 3.26193 0 448 2.79594 0 462.5  \
  3.02894 0 416 3.26193 0 467.5 3.49493 0 415.5 3.02894  \
  0 495.5 3.49493 0 460 3.26193 0 532 3.26193 0  \
  470 3.26193 0 451.5 3.49493 0 468 3.26193 0 475.5  \
  3.49493 0 457.5 3.02894 0 511.5 3.49493 0 442.5 3.02894  \
  0 483 3.26193 0 467 3.26193 0 484.5 3.02894 0  \
  465 3.26193 0 450 3.26193 0 461 3.26193 0 469.5  \
  3.49493 0 466 3.26193 0 233.5 3.02894 0 271 3.26193  \
  0 250.5 3.49493 0 263 3.26193 0 267 2.79594 0  \
  295 3.26193 0 292.5 3.49493 0 325 3.26193 0 334.5  \
  3.02894 0 300 3.26193 0 326.5 3.96092 0 309.5 3.49493  \
  0 361 3.26193 0 332 3.26193 0 305 3.26193 0  \
  358 3.26193 0 387 3.26193 0 361.5 3.49493 0 381.5  \
  3.49493 0 386 3.26193 0 384 3.26193 0 358 3.26193  \
  0 408.5 3.49493 0 409 3.26193 0 486 3.26193 0  \
  419.5 3.02894 0 411 3.26193 0 417 3.26193 0 433.5  \
  3.02894 0 481 3.26193 0 452 3.26193 0 437 3.26193  \
  0 481.5 3.49493 0 455 3.26193 0 469 3.26193 0  \
  463.5 3.02894 0 388.5 3.49493 0 478.5 3.49493 0 464  \
  3.26193 0 480 3.26193 0 448 3.26193 0 494.5 3.49493  \
  0 461 3.26193 0 444.5 3.49493 0 503 3.26193 0  \
  530.5 3.02894 0 473 3.72793 0 519 3.26193 0 459  \
  3.72793 0 490 3.72793 0 498.5 3.49493 0 482.5 3.02894  \
  0 504.5 3.02894 0 507.5 3.02894 0 515 3.72793 0  \
  529.5 3.02894 0 525.5 3.49493 0 549 3.72793 0 508.5  \
  3.02894 0 507.5 3.02894 0 476.5 3.49493 0 538 3.26193  \
  0 509 3.26193 0 471 3.26193 0 425 3.26193 0  \
  387.5 3.02894 0 405.5 3.49493 0 423.5 3.49493 0 405.5  \
  3.02894 0 404 3.72793 0 400.5 3.49493 0 456 3.26193  \
  0 468 3.26193 0 440 2.79594 0 413 3.26193 0  \
  391.5 3.02894 0 448 3.26193 0 454 3.26193 0 403  \
  3.26193 0 422.5 3.49493 0 452.5 3.49493 0 376.5 3.49493  \
  0 417 3.26193 0 371.5 3.02894 0 390 3.72793 0  \
  398.5 3.02894 0 442 3.72793 0 399 3.26193 0 425.5  \
  3.49493 0 400.5 3.49493 0 419 3.26193 0 427 3.26193  \
  0 432 3.26193 0 435.5 3.49493 0 462.5 3.49493 0  \
  408.5 3.02894 0 454.5 3.49493 0 379 3.26193 0 447.5  \
  3.02894 0 395.5 3.49493 0 399.5 3.49493 0 399 3.26193  \
  0 386.5 3.49493 0 410 3.26193 0 442 3.26193 0  \
  388.5 3.49493 0 418 3.26193 0 387.5 3.02894 0 382  \
  3.26193 0 412.5 3.02894 0 393.5 3.49493 0 432.5 3.02894  \
  0 426 3.26193 0 431.5 3.02894 0 446.5 3.49493 0  \
  454 2.79594 0 477 3.26193 0 446 3.26193 0 430  \
  3.26193 0 424 3.26193 0 473 3.26193 0 399.5 3.49493  \
  0 440 3.26193 0 479.5 3.02894 0 448 3.26193 0  \
  483 2.79594 0 412.5 3.02894 0 446 3.26193 0 321.5  \
  3.02894 0 360.5 3.49493 0 394.5 3.49493 0 367.5 3.96092  \
  0 365.5 3.02894 0 373.5 3.49493 0 360 3.26193 0  \
  311 3.26193 0 357.5 3.49493 0 382.5 3.49493 0 337.5  \
  3.02894 0 335.5 3.02894 0 385 3.26193 0 338 3.26193  \
  0 369 3.72793 0 377.5 3.49493 0 382.5 3.49493 0  \
  408 3.26193 0 426.5 3.49493 0 426.5 3.49493 0 398.5  \
  3.49493 0 403.5 3.49493 0 429 3.26193 0 418 3.26193  \
  0 427.5 3.49493 0 459.5 3.49493 0 442.5 3.49493 0  \
  371 3.26193 0 475.5 3.49493 0 423 3.26193 0 412.5  \
  3.02894 0 424.5 3.49493 0 410.5 3.49493 0 417.5 3.02894  \
  0 426.5 3.02894 0 406.5 3.49493 0 425.5 3.49493 0  \
  420.5 3.49493 0 444.5 3.49493 0 452 3.26193 0 447.5  \
  3.02894 0 419.5 3.49493 0 411 3.26193 0 417 3.26193  \
  0 404 3.26193 0 435.5 3.49493 0 463.5 3.49493 0  \
  445.5 3.49493 0 480.5 3.02894 0 392 3.72793 0 448.5  \
  3.49493 0 411 3.26193 0 451 3.26193 0 438 3.26193  \
  0 428 3.26193 0 488 3.26193 0 512 3.26193 0  \
  427.5 3.02894 0 535 3.26193 0 458.5 3.49493 0 486  \
  3.26193 0 437 3.26193 0 434 2.79594 0 525 3.72793  \
  0 335.5 3.02894 0 447 3.26193 0 385.5 3.49493 0  \
  390.5 3.96092 0 381 3.26193 0 416.5 3.49493 0 429  \
  3.26193 0 461.5 3.49493 0 424.5 3.02894 0 387.5 3.02894  \
  0 441.5 3.02894 0 392.5 3.49493 0 434 3.26193 0  \
  417 3.26193 0 418.5 3.02894 0 356 2.79594 0 426.5  \
  3.49493 0 384 2.79594 0 419.5 3.49493 0 423 3.26193  \
  0 380 3.26193 0 392 3.26193 0 367.5 3.49493 0  \
  407 3.26193 0 423.5 3.02894 0 372 3.26193 0 399.5  \
  3.02894 0 354.5 3.49493 0 382.5 3.49493 0 385.5 3.49493  \
  0 387.5 3.49493 0 406.5 3.49493 0 413.5 3.02894 0  \
  394 3.26193 0 425 3.26193 0 445 3.26193 0 413  \
  3.26193 0 409.5 3.49493 0 462 3.26193 0 423.5 3.49493  \
  0 435.5 3.49493 0 443 3.26193 0 452 2.79594 0  \
  451 3.26193 0 456 3.72793 0 412.5 3.02894 0 460  \
  3.26193 0 518 3.72793 0 514 3.26193 0 458 3.26193  \
  0 427.5 3.49493 0 486 5.59189 0 459 3.72793 0  \
  479.5 3.49493 0 464 2.79594 0 487.5 3.49493 0 495  \
  3.26193 0 522.5 3.49493 0 504 3.26193 0 483.5 3.02894  \
  0 525.5 3.02894 0 448 2.79594 0 542.5 3.02894 0  \
  455.5 3.49493 0 483.5 2.56295 0 514.5 3.96092 0 507  \
  3.72793 0 542.5 3.49493 0 489 3.26193 0 501.5 3.49493  \
  0 510 3.72793 0 524.5 3.02894 0 470.5 3.49493 0  \
  482.5 3.02894 0 511.5 3.02894 0 497 3.72793 0 536  \
  3.72793 0 543 3.26193 0 521 3.26193 0 484.5 3.49493  \
  0 478 3.72793 0 482 3.26193 0 548 3.26193 0  \
  421.5 3.49493 0 523.5 3.49493 0 462 3.26193 0 452  \
  3.26193 0 441 3.72793 0 459 3.26193 0 455.5 3.49493  \
  0 449 3.26193 0 447.5 3.49493 0 457.5 3.49493 0  \
  477.5 3.49493 0 499 3.26193 0 468 3.72793 0 419.5  \
  3.49493 0 513.5 3.49493 0 441 3.26193 0 463 3.26193  \
  0 455 3.26193 0 506.5 3.49493 0 507 3.26193 0  \
  446.5 3.49493 0 486 3.26193 0 490.5 3.49493 0 512  \
  3.26193 0 454.5 3.02894 0 498 2.32995 0 497.5 2.56295  \
  0 474 5.59189 0 460.5 3.49493 0 517 3.26193 0  \
  426.5 3.02894 0 514.5 3.49493 0 513.5 3.49493 0 460  \
  3.26193 0 481 3.26193 0 461.5 3.49493 0 489 3.72793  \
  0 411 3.26193 0 444.5 3.02894 0 480 3.26193 0  \
  460.5 3.49493 0 485.5 3.49493 0 449.5 3.02894 0 441  \
  2.79594 0 453 3.26193 0 573 3.72793 0 585.5 3.02894  \
  0 554 3.72793 0 547.5 3.49493 0 561 2.79594 0  \
  506.5 3.49493 0 496.5 3.02894 0 530.5 3.02894 0 496.5  \
  3.49493 0 504.5 3.49493 0 536 3.26193 0 505 3.26193  \
  0 495.5 3.49493 0 490 3.72793 0 562 2.32995 0  \
  548.5 3.49493 0 490.5 3.49493 0 564 3.72793 0 550  \
  3.26193 0 505 3.72793 0 538.5 3.02894 0 481.5 3.02894  \
  0 454 3.26193 0 476 3.72793 0 428 3.26193 0  \
  476 3.26193 0 470 3.26193 0 470.5 3.02894 0 437  \
  3.26193 0 481 3.72793 0 431.5 3.02894 0 436.5 3.49493  \
  0 466 2.32995 0 435 3.72793 0 448.5 3.49493 0  \
  413 3.72793 0 476 2.32995 0 452 3.26193 0 419  \
  2.79594 0 428.5 3.02894 0 391.5 3.49493 0 366 3.26193  \
  0 408.5 3.02894 0 408 3.72793 0 339.5 3.02894 0  \
  415.5 3.02894 0 371 3.26193 0 390.5 3.02894 0 326.5  \
  3.02894 0 414 3.26193 0 358.5 3.02894 0 464 3.72793  \
  0 360.5 3.49493 0 374.5 3.49493 0 410 3.26193 0  \
  348 3.26193 0 381 3.26193 0 374.5 3.02894 0 368  \
  3.26193 0 334 3.26193 0 346 3.26193 0 332 3.26193  \
  0 372.5 3.49493 0 332.5 3.49493 0 501 3.72793 0  \
  521 3.72793 0 495 3.26193 0 464 3.72793 0 502  \
  3.26193 0 440 3.26193 0 433 3.26193 0 438 3.26193  \
  0 437 3.26193 0 472.5 3.49493 0 444.5 3.49493 0  \
  455 2.79594 0 444 3.26193 0 464.5 3.49493 0 450  \
  3.26193 0 417.5 3.49493 0 412 3.26193 0 420 3.26193  \
  0 414.5 3.49493 0 484.5 3.49493 0 429 3.26193 0  \
  438 3.26193 0 453 3.26193 0 385 3.72793 0 402.5  \
  3.02894 0 447 3.26193 0 386 3.26193 0 438.5 2.56295  \
  0 406 3.26193 0 429 3.26193 0 395 3.26193 0  \
  380 3.26193 0 409 3.72793 0 426.5 8.62083 0 451.5  \
  2.09696 0 385.5 4.8929 0 424.5 3.96092 0 480.5 3.02894  \
  0 444 2.79594 0 408 2.79594 0 448.5 3.49493 0  \
  470 3.26193 0 507.5 3.02894 0 457 3.26193 0 447  \
  3.26193 0 452.5 3.02894 0 499.5 3.49493 0 445 3.26193  \
  0 492.5 3.49493 0 485.5 3.49493 0 394.5 3.02894 0  \
  432.5 3.49493 0 460.5 3.02894 0 486 3.26193 0 431  \
  3.26193 0 446 3.72793 0 443 3.26193 0 486.5 3.02894  \
  0 481.5 3.02894 0 477 2.79594 0 491 3.26193 0  \
  477 3.26193 0 554.5 3.49493 0 500 3.26193 0 453  \
  3.72793 0 506.5 3.96092 0 494 3.26193 0 540 3.72793  \
  0 499.5 3.49493 0 466 3.26193 0 491 3.26193 0  \
  475 3.26193 0 510.5 3.96092 0 497 3.72793 0 511.5  \
  2.09696 0 471 3.72793 0 496.5 3.49493 0 507 3.26193  \
  0 481.5 3.02894 0 462 3.26193 0 461.5 3.49493 0  \
  518.5 3.49493 0 559 3.26193 0 505 3.26193 0 527.5  \
  3.49493 0 504.5 3.02894 0 512.5 3.49493 0 525.5 3.02894  \
  0 497 3.26193 0 468 3.26193 0 525.5 3.02894 0  \
  516.5 3.02894 0 483.5 3.02894 0 523 3.26193 0 503  \
  3.26193 0 474 3.26193 0 464 2.79594 0 502 3.26193  \
  0 456 3.26193 0 511.5 3.02894 0 534 3.26193 0  \
  509.5 3.49493 0 479.5 3.49493 0 504.5 3.49493 0 494  \
  3.26193 0 431 3.26193 0 456.5 3.02894 0 464.5 3.49493  \
  0 437 3.26193 0 459.5 3.02894 0 426.5 3.49493 0  \
  435.5 3.49493 0 412 3.26193 0 395.5 3.49493 0 400  \
  3.26193 0 448.5 3.49493 0 392.5 3.49493 0 349 3.72793  \
  0 408.5 3.49493 0 376.5 3.49493 0 399 3.26193 0  \
  445.5 3.49493 0 388 3.26193 0 383.5 3.49493 0 445  \
  3.26193 0 379.5 3.02894 0 369 3.26193 0 401 3.72793  \
  0 417 3.72793 0 439 4.19391 0 491 3.72793 0  \
  457 2.32995 0 482.5 3.49493 0 412.5 3.02894 0 452  \
  3.72793 0 452 2.79594 0 399.5 3.49493 0 449.5 3.49493  \
  0 414 3.26193 0 393 2.32995 0 507 2.32995 0  \
  392 4.19391 0 488.5 3.96092 0 457 2.32995 0 450  \
  4.19391 0 457.5 2.09696 0 484 3.72793 0 460.5 3.02894  \
  0 470 3.26193 0 486 3.26193 0 507.5 3.49493 0  \
  481 3.72793 0 451.5 2.09696 0 533.5 3.49493 0 453  \
  3.26193 0 480 3.26193 0 500 3.26193 0 472 3.26193  \
  0 473 3.72793 0 451.5 3.02894 0 518 3.72793 0  \
  526 3.72793 0 494.5 2.56295 0 519.5 3.49493 0 450  \
  3.26193 0 484 2.32995 0 470.5 3.96092 0 438.5 2.09696  \
  0 485 3.72793 0 491 2.79594 0 450 3.72793 0  \
  519 3.72793 0 478.5 3.49493 0 489.5 3.02894 0 450  \
  3.26193 0 446.5 3.49493 0 440.5 3.49493 0 462 3.26193  \
  0 465.5 3.02894 0 401 3.72793 0 460.5 3.02894 0  \
  465 2.79594 0 495.5 3.02894 0 422 3.26193 0 388  \
  3.26193 0 435 3.26193 0 371 3.26193 0 378.5 3.02894  \
  0 402.5 3.49493 0 421.5 3.49493 0 344.5 3.02894 0  \
  421 2.79594 0 486.5 3.02894 0 525 3.72793 0 527  \
  3.26193 0 525 3.26193 0 515 3.26193 0 530.5 3.49493  \
  0 537.5 3.02894 0 503.5 3.49493 0 542 3.26193 0  \
  506 3.26193 0 535.5 3.02894 0 546.5 3.02894 0 537.5  \
  3.02894 0 537 3.26193 0 546 3.26193 0 487 3.26193  \
  0 552.5 3.49493 0 583.5 3.02894 0 570.5 3.49493 0  \
  595.5 2.09696 0 595 3.26193 0 557.5 3.02894 0 564.5  \
  3.49493 0 575.5 3.02894 0 554 2.79594 0 524 2.79594  \
  0 579.5 2.56295 0 573.5 3.02894 0 544 2.79594 0  \
  579 2.79594 0 526 3.26193 0 563.5 3.02894 0 515  \
  3.26193 0 555 3.26193 0 549 3.26193 0 558.5 3.02894  \
  0 524.5 3.02894 0 549.5 3.02894 0 584 3.26193 0  \
  491 3.26193 0 546 3.26193 0 557.5 3.02894 0 518.5  \
  3.02894 0 522.5 3.02894 0 548.5 3.02894 0 579.5 3.02894  \
  0 530.5 2.09696 0 538.5 3.49493 0 493 2.32995 0  \
  526.5 3.02894 0 502 3.26193 0 500.5 3.02894 0 525  \
  2.79594 0 506 3.26193 0 484.5 3.02894 0 483.5 3.49493  \
  0 421 2.79594 0 468.5 3.49493 0 425.5 3.02894 0  \
  431.5 2.56295 0 485 3.26193 0 386 3.26193 0 404.5  \
  3.02894 0 406.5 3.02894 0 507 2.79594 0 629 3.26193  \
  0 656 3.26193 0 628.5 3.49493 0 633.5 3.49493 0  \
  628 3.26193 0 648.5 3.96092 0 609 3.26193 0 627.5  \
  3.02894 0 616 3.26193 0 652 3.26193 0 612.5 3.49493  \
  0 631 3.26193 0 654.5 3.02894 0 608 2.79594 0  \
  629 3.26193 0 645 3.26193 0 659 2.79594 0 605  \
  2.79594 0 635.5 3.02894 0 604 3.26193 0 639.5 3.49493  \
  0 603.5 3.02894 0 636.5 3.49493 0 595.5 3.02894 0  \
  646 3.26193 0 619.5 3.02894 0 626 3.26193 0 604  \
  2.79594 0 635.5 3.02894 0 630 2.79594 0 610 3.26193  \
  0 611 3.26193 0 603.5 3.49493 0 624.5 3.02894 0  \
  635 3.26193 0 629.5 3.49493 0 628 3.26193 0 620  \
  3.26193 0 612 3.26193 0 627 3.26193 0 629 3.26193  \
  0 633.5 3.02894 0 620.5 3.02894 0 643.5 3.02894 0  \
  632.5 3.49493 0 627.5 3.02894 0 625.5 3.49493 0 645  \
  3.26193 0 628 2.79594 0 644.5 3.02894 0 642.5 3.02894  \
  0 626.5 3.02894 0 637 3.26193 0 643 2.79594 0  \
  639 2.79594 0 621.5 3.02894 0 625 3.26193 0 646  \
  3.26193 0 657 2.79594 0 642.5 3.02894 0 646 3.26193  \
  0 642.5 3.02894 0 650 3.26193 0 431.5 2.56295 0  \
  569.5 3.02894 0 633 3.26193 0 613.5 3.02894 0 617.5  \
  3.02894 0 642.5 3.02894 0 640 3.26193 0 633.5 3.02894  \
  0 620.5 3.02894 0 635 2.79594 0 626.5 3.02894 0  \
  624.5 3.02894 0 637.5 3.02894 0 593.5 3.02894 0 648.5  \
  3.02894 0 623.5 3.02894 0 636.5 3.49493 0 639 3.26193  \
  0 620.5 3.02894 0 632 2.79594 0 632 2.79594 0  \
  638.5 3.02894 0 639.5 3.02894 0 628 3.26193 0 609.5  \
  3.02894 0 597.5 3.02894 0 628 2.79594 0 614 2.79594  \
  0 597 3.26193 0 619 3.26193 0 596 3.26193 0  \
  602.5 3.02894 0 612 3.26193 0 594.5 3.02894 0 635  \
  2.79594 0 627.5 3.02894 0 614 2.79594 0 614 3.26193  \
  0 617.5 3.49493 0 608.5 3.02894 0 586.5 3.02894 0  \
  612.5 3.02894 0 617.5 3.02894 0 624 3.26193 0 629.5  \
  3.02894 0 615 2.79594 0 618 3.26193 0 600 3.26193  \
  0 609.5 3.02894 0 588 2.79594 0 639 2.79594 0  \
  591 3.26193 0 607 2.79594 0 625 3.26193 0 589  \
  2.79594 0 628 2.79594 0 595.5 3.02894 0 616 3.26193  \
  0 606 3.26193 0 598 3.26193 0 576 3.26193 0  \
  665.5 3.02894 0 586.5 3.02894 0 596 2.79594 0 410.5  \
  2.56295 0 546 2.79594 0 600 3.26193 0 587 2.79594  \
  0 590 3.26193 0 598 3.26193 0 604.5 3.02894 0  \
  592.5 3.02894 0 592.5 3.02894 0 621 3.26193 0 619  \
  3.26193 0 583 3.26193 0 633.5 3.02894 0 588 3.26193  \
  0 593 3.26193 0 615 3.72793 0 603 3.26193 0  \
  610 3.26193 0 588 3.26193 0 606.5 3.49493 0 554  \
  3.26193 0 610.5 3.02894 0 588 3.26193 0 617 3.26193  \
  0 607 3.26193 0 602.5 3.49493 0 637 3.26193 0  \
  612.5 2.56295 0 576 3.26193 0 609 2.79594 0 618  \
  2.79594 0 590.5 3.02894 0 618 3.26193 0 619 3.26193  \
  0 642 3.26193 0 609 2.79594 0 624.5 3.02894 0  \
  601 3.26193 0 597 3.26193 0 589 2.79594 0 590.5  \
  3.02894 0 625 3.26193 0 608.5 3.02894 0 606 3.26193  \
  0 603.5 3.02894 0 603 2.79594 0 618 2.79594 0  \
  618.5 3.02894 0 582 2.79594 0 634.5 3.02894 0 646.5  \
  3.49493 0 594.5 3.02894 0 615.5 3.49493 0 609.5 3.02894  \
  0 626.5 3.02894 0 605 3.26193 0 626 3.26193 0  \
  593.5 3.02894 0 624.5 3.02894 0 615.5 3.02894 0 615.5  \
  3.02894 0 613 3.26193 0 624.5 3.02894 0 595 2.79594  \
  0 420.5 2.56295 0 -1 0 0 522 3.26193 0  \
  578 2.79594 0 589.5 3.02894 0 609 3.26193 0 620  \
  3.26193 0 585.5 3.02894 0 595 3.26193 0 610.5 3.02894  \
  0 619.5 3.02894 0 626 3.26193 0 616.5 3.49493 0  \
  599.5 3.02894 0 627.5 3.02894 0 606.5 3.02894 0 591  \
  3.26193 0 607.5 3.49493 0 611.5 3.02894 0 617.5 3.02894  \
  0 628.5 3.02894 0 614 3.26193 0 593 3.26193 0  \
  579 2.79594 0 581.5 3.02894 0 619 3.26193 0 593  \
  2.79594 0 620 3.26193 0 595 3.26193 0 605.5 3.02894  \
  0 610 2.79594 0 604.5 3.02894 0 660 2.79594 0  \
  592 3.26193 0 617.5 2.56295 0 630 3.26193 0 613  \
  2.79594 0 586.5 3.02894 0 585.5 3.02894 0 598.5 3.02894  \
  0 618 3.26193 0 596.5 3.49493 0 635 2.79594 0  \
  611.5 3.49493 0 602.5 3.02894 0 600.5 3.02894 0 635  \
  2.79594 0 614 3.26193 0 595 3.26193 0 606 3.26193  \
  0 622.5 3.49493 0 609 2.79594 0 633 3.26193 0  \
  642 2.79594 0 624.5 3.02894 0 602.5 3.02894 0 607  \
  2.79594 0 645 3.26193 0 633.5 2.56295 0 629 3.26193  \
  0 641 3.26193 0 643.5 3.02894 0 662 3.26193 0  \
  612.5 3.02894 0 386 2.79594 0 7 0.465991 0 512  \
  3.26193 0 578 2.79594 0 572.5 3.49493 0 576.5 3.02894  \
  0 572.5 3.02894 0 609.5 3.02894 0 578.5 3.02894 0  \
  586 2.79594 0 558 3.72793 0 579.5 3.02894 0 612  \
  3.26193 0 568 3.26193 0 607.5 3.02894 0 569 2.79594  \
  0 574 3.26193 0 571.5 3.02894 0 574 3.26193 0  \
  580 2.79594 0 603.5 3.02894 0 598.5 3.02894 0 580.5  \
  2.56295 0 562.5 3.49493 0 570.5 3.02894 0 550 3.26193  \
  0 552.5 3.49493 0 562 3.26193 0 583.5 3.02894 0  \
  572.5 3.02894 0 582 3.26193 0 581.5 3.02894 0 561.5  \
  3.02894 0 579.5 3.02894 0 560 3.26193 0 566.5 3.02894  \
  0 584.5 3.49493 0 596 3.26193 0 581 3.26193 0  \
  593.5 3.02894 0 608 3.26193 0 593.5 3.02894 0 607.5  \
  3.49493 0 632 3.26193 0 582 3.72793 0 590 3.26193  \
  0 614.5 3.49493 0 603.5 3.49493 0 587 2.79594 0  \
  618 3.26193 0 634 2.79594 0 626.5 3.02894 0 592.5  \
  3.02894 0 655.5 3.02894 0 586.5 3.02894 0 607 3.26193  \
  0 582 3.26193 0 622 2.79594 0 619.5 3.49493 0  \
  611 3.26193 0 613 2.79594 0 642 3.26193 0 619  \
  3.72793 0 620 3.26193 0 414.5 2.56295 0 464.5 2.56295  \
  0 488.5 3.02894 0 513.5 3.02894 0 512.5 3.02894 0  \
  501 2.79594 0 511.5 3.02894 0 490 2.79594 0 474  \
  2.79594 0 514.5 3.02894 0 532.5 3.02894 0 522.5 2.56295  \
  0 481.5 3.02894 0 491.5 3.02894 0 501 2.79594 0  \
  482 2.79594 0 504.5 3.02894 0 481.5 3.02894 0 507  \
  2.79594 0 485.5 2.56295 0 496 2.79594 0 501 2.79594  \
  0 497.5 2.56295 0 475 2.79594 0 506 2.79594 0  \
  467 2.79594 0 539 2.79594 0 490 3.26193 0 489  \
  3.26193 0 493.5 2.56295 0 488 2.79594 0 492 2.79594  \
  0 498 2.79594 0 497.5 3.02894 0 509 2.79594 0  \
  477 2.79594 0 521 2.79594 0 491 2.79594 0 490  \
  2.79594 0 506.5 3.02894 0 503.5 2.56295 0 516.5 3.02894  \
  0 488 2.79594 0 460 3.26193 0 542.5 2.56295 0  \
  493.5 2.56295 0 497.5 3.02894 0 508 2.79594 0 495.5  \
  3.02894 0 472.5 3.02894 0 504 2.79594 0 501.5 3.02894  \
  0 533.5 3.02894 0 507 2.79594 0 512 2.79594 0  \
  490.5 3.02894 0 486.5 2.56295 0 488 2.79594 0 494  \
  2.79594 0 522 2.79594 0 508 2.79594 0 509 2.79594  \
  0 497.5 2.56295 0 489.5 3.02894 0 371.5 2.56295 0  \
  463.5 2.56295 0 466 2.79594 0 506 2.79594 0 501  \
  2.79594 0 520.5 3.02894 0 508 2.79594 0 499.5 2.56295  \
  0 508 2.79594 0 504 2.32995 0 511.5 3.02894 0  \
  529.5 3.02894 0 548.5 3.02894 0 544 2.79594 0 551  \
  2.79594 0 568 2.79594 0 551.5 3.02894 0 525.5 3.02894  \
  0 545.5 2.56295 0 550 2.79594 0 526.5 3.02894 0  \
  544.5 2.56295 0 552 2.79594 0 564 2.79594 0 540.5  \
  2.56295 0 569 2.79594 0 559 3.26193 0 525 2.79594  \
  0 576 2.79594 0 542 2.79594 0 537 2.79594 0  \
  567 2.79594 0 535 2.79594 0 551.5 3.02894 0 560  \
  2.79594 0 539.5 2.56295 0 565 2.79594 0 536 2.79594  \
  0 563 2.79594 0 532 2.79594 0 520.5 3.02894 0  \
  543.5 3.02894 0 522 2.79594 0 547 2.79594 0 536  \
  2.79594 0 563 2.79594 0 535 2.79594 0 518.5 2.56295  \
  0 544.5 2.56295 0 555 2.79594 0 548 2.79594 0  \
  514.5 3.02894 0 523.5 3.02894 0 535 2.79594 0 515.5  \
  2.56295 0 523.5 3.02894 0 526.5 3.02894 0 506 2.79594  \
  0 524 2.79594 0 532.5 3.02894 0 508 2.79594 0  \
  518 3.26193 0 513.5 2.56295 0 472 2.79594 0 402.5  \
  3.02894 0 492 2.79594 0 542.5 2.56295 0 531 2.79594  \
  0 559.5 3.02894 0 553 2.79594 0 534 2.79594 0  \
  529 2.79594 0 527 2.79594 0 543.5 2.56295 0 546.5  \
  3.02894 0 559.5 3.02894 0 542 2.79594 0 543.5 2.56295  \
  0 527.5 3.02894 0 524.5 2.56295 0 564 2.79594 0  \
  516 2.79594 0 545 2.79594 0 536 2.79594 0 554  \
  2.79594 0 538.5 2.56295 0 538.5 2.56295 0 513 2.79594  \
  0 518 2.79594 0 577.5 3.02894 0 531.5 2.56295 0  \
  553.5 3.02894 0 549 2.79594 0 504.5 3.02894 0 530  \
  3.26193 0 552 3.26193 0 545 2.79594 0 551.5 3.02894  \
  0 510 2.79594 0 568.5 3.02894 0 545.5 2.56295 0  \
  551 2.79594 0 550 2.79594 0 546 2.79594 0 556.5  \
  3.02894 0 558 2.79594 0 527 2.79594 0 549.5 3.02894  \
  0 570.5 2.56295 0 548 2.79594 0 536 2.79594 0  \
  548 2.79594 0 549 2.79594 0 554.5 2.56295 0 564.5  \
  2.56295 0 552 2.79594 0 552.5 2.56295 0 533 2.79594  \
  0 553 3.26193 0 559 2.79594 0 576 2.79594 0  \
  550.5 2.56295 0 597 2.79594 0 574 2.79594 0 571.5  \
  3.02894 0 544 2.79594 0 554 3.26193 0 537.5 2.56295  \
  0 394.5 3.02894 0 329.5 3.02894 0 502 3.26193 0  \
  480 2.79594 0 518.5 3.02894 0 479 2.79594 0 475.5  \
  2.56295 0 486.5 3.02894 0 518 2.79594 0 481 2.79594  \
  0 537.5 3.02894 0 513 2.79594 0 485 2.79594 0  \
  519.5 2.56295 0 485.5 2.56295 0 520.5 3.02894 0 505.5  \
  3.02894 0 486 2.79594 0 520.5 3.02894 0 477 2.79594  \
  0 502 2.79594 0 497.5 2.56295 0 495.5 2.56295 0  \
  495.5 3.02894 0 488.5 3.02894 0 484 2.32995 0 507  \
  2.79594 0 512 2.79594 0 500.5 2.56295 0 486 2.79594  \
  0 486.5 2.56295 0 518.5 2.56295 0 484 2.79594 0  \
  509.5 3.02894 0 482.5 2.56295 0 498 2.79594 0 505  \
  2.79594 0 502 2.79594 0 490.5 3.02894 0 481.5 3.02894  \
  0 503 2.79594 0 486.5 3.02894 0 523.5 3.02894 0  \
  523 2.79594 0 509 2.79594 0 485 2.79594 0 492.5  \
  3.02894 0 501 2.79594 0 527 2.79594 0 479.5 2.56295  \
  0 501.5 3.02894 0 527 2.79594 0 507.5 3.02894 0  \
  502 2.79594 0 491.5 2.56295 0 517.5 2.56295 0 472.5  \
  2.56295 0 481.5 2.56295 0 493 2.79594 0 494 2.79594  \
  0 489 2.32995 0 522 3.26193 0 494 3.26193 0  \
  495.5 3.02894 0 390.5 3.02894 0 354.5 3.02894 0 516  \
  3.26193 0 507 2.79594 0 503.5 2.56295 0 503.5 3.02894  \
  0 514.5 3.02894 0 532 2.79594 0 508 2.79594 0  \
  535 2.79594 0 533.5 3.02894 0 518 2.79594 0 528  \
  2.79594 0 532.5 3.02894 0 518.5 3.02894 0 514 2.79594  \
  0 522 2.79594 0 541.5 2.56295 0 541 2.79594 0  \
  529 2.79594 0 519.5 2.56295 0 555 2.79594 0 513  \
  3.26193 0 511.5 2.56295 0 478 3.26193 0 520 2.79594  \
  0 509 2.79594 0 514.5 3.02894 0 492.5 3.02894 0  \
  520.5 2.56295 0 481 2.79594 0 497 2.79594 0 492  \
  2.79594 0 489 2.79594 0 504 2.79594 0 502 2.79594  \
  0 520.5 3.02894 0 471 3.26193 0 483 2.79594 0  \
  519.5 3.02894 0 509.5 3.02894 0 508 2.79594 0 497.5  \
  3.02894 0 488 2.79594 0 506 2.79594 0 492 2.79594  \
  0 509 2.79594 0 500 2.79594 0 472.5 3.02894 0  \
  511 2.79594 0 494 2.79594 0 498 3.72793 0 483.5  \
  3.49493 0 484.5 2.56295 0 506 3.26193 0 469.5 3.02894  \
  0 468 2.79594 0 470.5 3.02894 0 474 2.79594 0  \
  522.5 3.02894 0 478.5 3.02894 0 505 2.79594 0 476  \
  3.26193 0 510.5 3.02894 0 478 2.79594 0 439 2.79594  \
  0 425 2.79594 0 417 2.79594 0 421.5 3.02894 0  \
  449.5 3.02894 0 429.5 3.02894 0 468.5 3.02894 0 443.5  \
  3.02894 0 423 3.26193 0 423 2.79594 0 401 3.26193  \
  0 436.5 2.09696 0 432.5 3.02894 0 401 2.79594 0  \
  443 2.79594 0 423 3.26193 0 397 3.26193 0 404.5  \
  3.02894 0 413.5 3.02894 0 434.5 3.02894 0 421 2.79594  \
  0 419 3.26193 0 423 2.32995 0 435 2.79594 0  \
  428.5 3.02894 0 384 3.26193 0 390.5 3.49493 0 413  \
  2.79594 0 389 2.79594 0 409 2.79594 0 439 3.26193  \
  0 417 2.79594 0 401 3.26193 0 396.5 3.02894 0  \
  427 2.79594 0 405.5 3.02894 0 429.5 3.02894 0 400.5  \
  3.02894 0 434.5 3.02894 0 417.5 3.02894 0 406 2.79594  \
  0 436 2.79594 0 413.5 3.02894 0 422 3.26193 0  \
  407 3.26193 0 414.5 3.02894 0 438 3.26193 0 433  \
  2.79594 0 417 2.79594 0 456 3.26193 0 407 2.79594  \
  0 407.5 3.49493 0 420.5 3.02894 0 414.5 3.02894 0  \
  389.5 3.02894 0 433.5 3.02894 0 412.5 3.02894 0 401  \
  2.79594 0 432 3.26193 0 448.5 3.02894 0 435 2.79594  \
  0 438 2.79594 0 428 3.26193 0 506 3.26193 0  \
  490 2.79594 0 442 2.79594 0 415.5 2.56295 0 444.5  \
  3.02894 0 441 3.26193 0 393.5 3.02894 0 415.5 3.02894  \
  0 392.5 2.56295 0 394.5 3.02894 0 423 3.26193 0  \
  397.5 2.56295 0 403.5 3.02894 0 414.5 3.02894 0 394  \
  3.26193 0 396 3.26193 0 405.5 3.02894 0 367.5 3.02894  \
  0 387.5 3.02894 0 417.5 3.02894 0 397 3.26193 0  \
  401.5 3.02894 0 374 3.26193 0 424 3.26193 0 408.5  \
  3.49493 0 381.5 3.02894 0 406 2.79594 0 402 3.26193  \
  0 378.5 3.02894 0 410.5 3.02894 0 399 2.79594 0  \
  424 3.26193 0 410.5 3.02894 0 385 2.79594 0 394.5  \
  3.02894 0 397.5 3.02894 0 420.5 3.02894 0 382.5 3.02894  \
  0 411 3.26193 0 398.5 3.02894 0 402 2.79594 0  \
  384.5 3.02894 0 379 2.79594 0 383.5 3.02894 0 423  \
  2.79594 0 412.5 3.49493 0 406.5 3.02894 0 405.5 3.02894  \
  0 410.5 3.02894 0 380 3.26193 0 388 3.26193 0  \
  410.5 3.02894 0 408 3.26193 0 410 2.79594 0 405  \
  2.79594 0 413.5 2.56295 0 386 3.26193 0 399.5 3.02894  \
  0 435.5 3.02894 0 408 3.26193 0 440 3.26193 0  \
  391.5 3.02894 0 415 2.79594 0 429.5 3.02894 0 515  \
  2.79594 0 433.5 2.56295 0 457 2.79594 0 424 3.26193  \
  0 421.5 3.02894 0 421 2.79594 0 411 2.79594 0  \
  425.5 3.02894 0 451.5 3.02894 0 410.5 3.02894 0 411.5  \
  3.02894 0 409.5 3.02894 0 433 2.79594 0 382 3.26193  \
  0 397.5 3.02894 0 427 2.79594 0 409 2.79594 0  \
  395.5 3.02894 0 407 3.26193 0 405 2.79594 0 434.5  \
  3.02894 0 416 2.79594 0 382.5 3.02894 0 419.5 3.02894  \
  0 430.5 3.49493 0 415 2.79594 0 430.5 3.02894 0  \
  417 3.26193 0 399 2.79594 0 402 2.79594 0 426  \
  2.79594 0 411.5 2.56295 0 420.5 3.02894 0 414 3.26193  \
  0 399 3.26193 0 397.5 2.56295 0 395 2.79594 0  \
  393.5 3.02894 0 410.5 3.02894 0 390.5 3.02894 0 417  \
  2.79594 0 399 2.79594 0 390.5 3.02894 0 411.5 3.02894  \
  0 398.5 3.02894 0 394.5 3.02894 0 395 3.26193 0  \
  413 2.79594 0 405.5 3.02894 0 412.5 2.56295 0 377.5  \
  3.02894 0 406 3.26193 0 412.5 3.02894 0 380 2.79594  \
  0 409.5 3.02894 0 432.5 3.02894 0 413 3.26193 0  \
  403.5 3.02894 0 423.5 3.02894 0 403 2.79594 0 404.5  \
  3.02894 0 413.5 2.56295 0 417 3.26193 0 413.5 3.02894  \
  0 566 2.79594 0 520 2.79594 0 514.5 3.49493 0  \
  541 3.26193 0 479.5 2.56295 0 479.5 3.02894 0 489.5  \
  3.02894 0 463.5 3.02894 0 483.5 3.02894 0 475.5 3.02894  \
  0 476 3.26193 0 464.5 3.02894 0 458.5 3.02894 0  \
  484 3.26193 0 448.5 3.49493 0 478 3.26193 0 460.5  \
  3.02894 0 469 3.26193 0 451.5 3.02894 0 494 3.26193  \
  0 456 3.26193 0 483 2.79594 0 435.5 3.02894 0  \
  475.5 3.02894 0 444.5 3.49493 0 464.5 2.56295 0 456.5  \
  3.02894 0 447.5 3.02894 0 465.5 3.02894 0 451 2.79594  \
  0 434 3.26193 0 433 2.79594 0 447 2.79594 0  \
  448 2.79594 0 448.5 3.02894 0 424.5 3.02894 0 399  \
  2.79594 0 438.5 3.02894 0 428 3.26193 0 413 2.79594  \
  0 471 2.79594 0 408 2.79594 0 418.5 3.02894 0  \
  408 3.26193 0 430 3.26193 0 426 3.26193 0 432  \
  2.79594 0 449 2.79594 0 462.5 3.02894 0 435 2.79594  \
  0 434.5 3.02894 0 460.5 3.02894 0 412.5 3.02894 0  \
  450.5 3.02894 0 429 2.79594 0 473.5 3.02894 0 419.5  \
  3.02894 0 453.5 3.02894 0 450 3.26193 0 440 3.26193  \
  0 415 2.79594 0 463 2.79594 0 445 2.79594 0  \
  462 3.26193 0 510.5 3.02894 0 470 2.79594 0 430.5  \
  3.49493 0 448.5 3.02894 0 424.5 3.02894 0 448.5 3.02894  \
  0 435.5 3.02894 0 424 2.79594 0 432.5 3.02894 0  \
  440 2.79594 0 410 2.79594 0 452.5 2.56295 0 400.5  \
  2.56295 0 445 2.79594 0 408.5 2.56295 0 433 2.79594  \
  0 420 2.79594 0 437 2.79594 0 419 2.79594 0  \
  406 2.79594 0 410.5 3.02894 0 399.5 2.56295 0 420.5  \
  3.02894 0 403.5 3.02894 0 420 2.79594 0 408 2.32995  \
  0 408.5 3.02894 0 391.5 3.02894 0 392 2.79594 0  \
  395.5 3.02894 0 420 2.79594 0 408 2.32995 0 431.5  \
  2.56295 0 365.5 2.56295 0 405 2.79594 0 382.5 3.02894  \
  0 420.5 3.02894 0 398 2.79594 0 427 2.79594 0  \
  453.5 3.02894 0 430.5 3.02894 0 397.5 2.56295 0 424.5  \
  3.02894 0 395.5 3.02894 0 416.5 2.56295 0 400 2.79594  \
  0 392 2.79594 0 426 2.79594 0 412 2.79594 0  \
  405.5 3.02894 0 425 2.79594 0 405.5 2.56295 0 423.5  \
  3.02894 0 403 2.79594 0 432 2.79594 0 437 2.79594  \
  0 435 2.79594 0 403.5 3.02894 0 415.5 2.56295 0  \
  412 3.26193 0 448.5 2.56295 0 428 3.26193 0 425  \
  2.79594 0 429 2.79594 0 510.5 2.56295 0 476.5 2.56295  \
  0 455 2.79594 0 446 2.79594 0 481 2.79594 0  \
  448.5 2.56295 0 423 2.79594 0 465 2.79594 0 460  \
  2.79594 0 477 2.79594 0 435.5 2.56295 0 445 2.79594  \
  0 416 2.79594 0 457.5 3.02894 0 466 2.32995 0  \
  456.5 3.02894 0 474 2.79594 0 468.5 2.56295 0 469  \
  2.79594 0 464.5 3.02894 0 455.5 3.02894 0 474 2.79594  \
  0 451 2.79594 0 468.5 3.02894 0 473 2.79594 0  \
  440 2.79594 0 430 2.32995 0 444 2.79594 0 441.5  \
  3.02894 0 441.5 3.02894 0 429 2.79594 0 468.5 2.56295  \
  0 422.5 3.02894 0 422.5 2.56295 0 420.5 2.56295 0  \
  423.5 3.02894 0 407 2.79594 0 421.5 3.02894 0 437  \
  2.79594 0 434 2.79594 0 439 2.79594 0 387 3.26193  \
  0 407 2.79594 0 427 2.79594 0 403 2.79594 0  \
  439.5 3.02894 0 403 2.79594 0 414.5 2.56295 0 430.5  \
  2.56295 0 407 2.79594 0 413.5 2.56295 0 410.5 3.02894  \
  0 407.5 3.02894 0 403.5 2.56295 0 410.5 3.02894 0  \
  382 2.79594 0 377 2.79594 0 376 2.79594 0 422  \
  2.79594 0 402 2.79594 0 394.5 3.02894 0 395 2.79594  \
  0 415 2.32995 0 441.5 2.56295 0 371 4.19391 0  \
  410.5 3.96092 0 385 3.26193 0 414 3.72793 0 356  \
  3.72793 0 398 3.72793 0 397.5 4.42691 0 355 3.72793  \
  0 394.5 3.96092 0 354 3.72793 0 298 3.72793 0  \
  338 3.72793 0 409.5 3.49493 0 339 3.26193 0 310  \
  3.72793 0 325 3.26193 0 398.5 3.49493 0 311.5 3.96092  \
  0 342 3.72793 0 376.5 3.49493 0 380 3.72793 0  \
  365.5 3.96092 0 343.5 3.96092 0 359.5 3.96092 0 292  \
  3.72793 0 337 3.72793 0 322 3.72793 0 336 3.72793  \
  0 314.5 3.49493 0 374 3.26193 0 393 3.72793 0  \
  363.5 3.49493 0 374 3.26193 0 354.5 3.49493 0 405.5  \
  3.49493 0 395 4.19391 0 413 3.72793 0 388 3.26193  \
  0 355.5 3.49493 0 381.5 3.49493 0 414 3.72793 0  \
  385 3.26193 0 435.5 3.49493 0 431.5 3.49493 0 429  \
  3.72793 0 425 4.19391 0 402.5 3.96092 0 456.5 3.96092  \
  0 400 3.72793 0 394.5 3.96092 0 443.5 3.49493 0  \
  439 3.72793 0 401 3.72793 0 434.5 3.96092 0 504.5  \
  3.96092 0 483.5 3.96092 0 533.5 3.49493 0 499 3.26193  \
  0 526.5 3.49493 0 484.5 3.49493 0 531 3.26193 0  \
  490 3.72793 0 472.5 3.02894 0 533 3.26193 0 394  \
  3.26193 0 468.5 3.96092 0 462 3.72793 0 459.5 3.96092  \
  0 450.5 3.49493 0 396.5 3.96092 0 416.5 3.96092 0  \
  436.5 3.49493 0 422 3.72793 0 398 3.72793 0 401  \
  3.26193 0 402 3.26193 0 380.5 3.49493 0 369 3.72793  \
  0 423.5 3.49493 0 445.5 3.49493 0 445.5 3.49493 0  \
  392.5 3.49493 0 351.5 3.49493 0 354 3.72793 0 335.5  \
  3.49493 0 404 3.26193 0 321.5 3.49493 0 437 4.19391  \
  0 414.5 3.96092 0 382 3.72793 0 450 3.26193 0  \
  425 3.72793 0 381 3.72793 0 445 3.72793 0 369  \
  3.26193 0 357.5 3.49493 0 415 3.72793 0 409 3.26193  \
  0 443 3.72793 0 352 3.72793 0 408 3.72793 0  \
  376 3.72793 0 341 3.72793 0 400.5 3.96092 0 421.5  \
  3.49493 0 359 4.19391 0 425 3.26193 0 383 3.72793  \
  0 427.5 3.96092 0 395.5 3.49493 0 390.5 3.49493 0  \
  387 3.26193 0 454 3.72793 0 422.5 3.96092 0 420.5  \
  3.49493 0 455.5 3.49493 0 366.5 3.49493 0 424.5 3.49493  \
  0 418.5 3.49493 0 472 3.26193 0 482.5 3.02894 0  \
  466 3.26193 0 476.5 3.49493 0 483.5 3.96092 0 449  \
  3.72793 0 443 3.26193 0 425 3.26193 0 431.5 3.49493  \
  0 333.5 3.96092 0 372 3.72793 0 415.5 3.49493 0  \
  366.5 3.96092 0 411 3.72793 0 447.5 3.96092 0 429.5  \
  3.96092 0 450.5 3.96092 0 453 3.72793 0 459.5 3.49493  \
  0 373.5 3.96092 0 409 3.72793 0 380 3.26193 0  \
  390.5 3.49493 0 430 3.72793 0 468 3.26193 0 425  \
  4.19391 0 456.5 3.49493 0 401 4.19391 0 389 3.72793  \
  0 426.5 3.49493 0 408 3.72793 0 416 3.72793 0  \
  490 3.72793 0 440.5 3.96092 0 417.5 3.49493 0 410.5  \
  3.49493 0 373 3.72793 0 420 3.72793 0 388 3.72793  \
  0 405 3.72793 0 468 3.72793 0 468.5 3.49493 0  \
  402.5 3.49493 0 427 3.72793 0 384 3.26193 0 445  \
  3.72793 0 434.5 3.49493 0 396.5 3.49493 0 410 3.26193  \
  0 374.5 3.49493 0 376.5 3.49493 0 410 3.72793 0  \
  443 3.72793 0 439.5 3.49493 0 395 3.72793 0 430  \
  3.72793 0 489 3.26193 0 466 3.26193 0 374.5 3.49493  \
  0 477 3.72793 0 469.5 3.49493 0 439 4.19391 0  \
  494.5 3.49493 0 419.5 3.96092 0 484.5 3.49493 0 493.5  \
  3.49493 0 480.5 3.49493 0 506.5 3.96092 0 442.5 3.49493  \
  0 480.5 3.49493 0 525 3.26193 0 489 3.72793 0  \
  474 3.72793 0 459 3.72793 0 457 4.19391 0 513  \
  4.19391 0 514.5 3.96092 0 481.5 3.96092 0 458 3.72793  \
  0 450.5 3.49493 0 493.5 3.49493 0 472.5 3.49493 0  \
  428.5 3.96092 0 397.5 3.96092 0 442 4.19391 0 426  \
  3.72793 0 415.5 3.49493 0 390 3.72793 0 418.5 3.49493  \
  0 466.5 3.96092 0 401.5 3.49493 0 384 3.72793 0  \
  461.5 3.49493 0 397.5 3.96092 0 443.5 3.49493 0 406.5  \
  3.96092 0 466 4.19391 0 487 3.72793 0 434.5 3.49493  \
  0 410 3.72793 0 362.5 3.49493 0 442 3.26193 0  \
  386 3.72793 0 456 3.26193 0 464 3.72793 0 402.5  \
  3.49493 0 374 3.26193 0 392.5 3.96092 0 398 3.72793  \
  0 407 3.72793 0 412.5 3.96092 0 423.5 3.96092 0  \
  454 3.26193 0 461 3.26193 0 426.5 3.02894 0 422  \
  3.72793 0 431.5 3.49493 0 400.5 3.49493 0 377.5 3.96092  \
  0 370.5 3.96092 0 382 4.19391 0 429 3.26193 0  \
  375 3.72793 0 355.5 3.49493 0 364 3.72793 0 383  \
  3.72793 0 373 3.26193 0 370.5 3.49493 0 382 3.72793  \
  0 413.5 3.02894 0 391.5 3.49493 0 411.5 3.49493 0  \
  407 3.72793 0 396 3.72793 0 391 3.72793 0 335  \
  3.72793 0 400 2.79594 0 337 3.26193 0 385.5 3.96092  \
  0 358 3.72793 0 363.5 4.42691 0 367 3.26193 0  \
  349 3.26193 0 363 3.72793 0 403.5 3.49493 0 395.5  \
  3.49493 0 349.5 3.49493 0 369 3.72793 0 390 4.19391  \
  0 399.5 3.96092 0 334.5 3.49493 0 402.5 3.49493 0  \
  427.5 3.49493 0 395 3.72793 0 378.5 3.49493 0 402.5  \
  3.49493 0 412 3.72793 0 398.5 3.96092 0 395 3.26193  \
  0 365 3.72793 0 430 3.26193 0 380 3.26193 0  \
  361.5 3.49493 0 377.5 3.96092 0 388.5 3.49493 0 368  \
  3.72793 0 398 3.72793 0 355 3.72793 0 421.5 3.96092  \
  0 349.5 3.02894 0 339 3.72793 0 370.5 3.96092 0  \
  385 4.19391 0 401.5 3.96092 0 360 3.72793 0 405  \
  3.72793 0 359.5 3.49493 0 389 3.72793 0 403 3.26193  \
  0 407.5 4.42691 0 380.5 3.49493 0 451.5 3.49493 0  \
  409.5 3.49493 0 483 3.72793 0 486 3.72793 0 423  \
  3.72793 0 450.5 3.02894 0 429.5 3.49493 0 489 3.72793  \
  0 475 3.26193 0 434 3.72793 0 441.5 3.49493 0  \
  457.5 3.02894 0 471.5 3.96092 0 433 3.72793 0 451.5  \
  3.49493 0 470.5 3.96092 0 420 3.72793 0 402.5 3.49493  \
  0 450.5 3.49493 0 452 3.72793 0 472 3.26193 0  \
  427 3.26193 0 461 3.72793 0 450.5 3.49493 0 433  \
  3.26193 0 452.5 3.49493 0 454 3.72793 0 446 3.72793  \
  0 432.5 3.02894 0 476 4.19391 0 468.5 3.49493 0  \
  455.5 3.49493 0 518 3.26193 0 432.5 3.02894 0 502  \
  2.79594 0 557.5 3.49493 0 503 3.26193 0 480 3.72793  \
  0 437.5 3.49493 0 434 3.72793 0 447 3.72793 0  \
  408.5 3.49493 0 405.5 3.49493 0 423 3.72793 0 448.5  \
  3.96092 0 436.5 3.49493 0 474 3.26193 0 383 3.72793  \
  0 434.5 3.49493 0 384 4.19391 0 443.5 3.02894 0  \
  440 3.26193 0 471.5 3.49493 0 445.5 3.49493 0 501.5  \
  3.49493 0 429.5 3.49493 0 457.5 3.49493 0 501 3.26193  \
  0 476 3.26193 0 450 3.26193 0 484.5 3.49493 0  \
  461 3.26193 0 485 3.72793 0 477 3.26193 0 507  \
  3.26193 0 516.5 3.49493 0 535.5 3.49493 0 501 3.26193  \
  0 541.5 3.49493 0 479 3.26193 0 460 3.72793 0  \
  473.5 3.49493 0 463.5 3.49493 0 434 3.26193 0 436  \
  3.26193 0 503.5 3.02894 0 498 3.72793 0 457.5 3.49493  \
  0 503.5 3.96092 0 510.5 3.49493 0 487 3.26193 0  \
  422 4.19391 0 448.5 3.49493 0 414.5 3.49493 0 450.5  \
  3.49493 0 414.5 3.49493 0 438.5 3.49493 0 419.5 3.49493  \
  0 471.5 3.96092 0 465 3.26193 0 459.5 3.49493 0  \
  495.5 3.49493 0 481 3.72793 0 513 3.72793 0 448.5  \
  3.02894 0 508.5 3.96092 0 493 3.72793 0 495.5 3.49493  \
  0 488 3.72793 0 485 2.79594 0 568 3.72793 0  \
  506.5 3.49493 0 469 3.26193 0 495.5 3.49493 0 493.5  \
  3.49493 0 522 3.72793 0 531.5 3.49493 0 536.5 3.49493  \
  0 551.5 3.49493 0 524 3.72793 0 565.5 3.96092 0  \
  534.5 3.49493 0 537.5 3.49493 0 498.5 3.96092 0 542  \
  3.72793 0 508.5 3.49493 0 534 3.26193 0 534 3.72793  \
  0 465 3.26193 0 537.5 3.02894 0 541.5 3.96092 0  \
  502.5 3.49493 0 502 3.72793 0 520.5 3.49493 0 502.5  \
  3.49493 0 544 3.72793 0 479 3.26193 0 529 3.72793  \
  0 510 3.72793 0 471 3.72793 0 538.5 3.49493 0  \
  525.5 3.49493 0 538 3.26193 0 490.5 3.49493 0 529  \
  3.72793 0 494.5 3.49493 0 533.5 3.49493 0 500 3.26193  \
  0 530.5 3.49493 0 575 3.26193 0 535 3.72793 0  \
  512.5 3.49493 0 474.5 3.49493 0 515 3.26193 0 475  \
  3.72793 0 476 3.26193 0 495 3.72793 0 401.5 3.96092  \
  0 425.5 3.96092 0 465.5 3.96092 0 426.5 3.49493 0  \
  429.5 3.49493 0 423 3.26193 0 457.5 3.49493 0 421.5  \
  3.49493 0 480 3.72793 0 479.5 3.02894 0 455.5 3.96092  \
  0 470 3.72793 0 439 3.26193 0 481 3.72793 0  \
  413 3.72793 0 441.5 3.49493 0 401.5 3.49493 0 435.5  \
  3.49493 0 440.5 3.49493 0 422.5 3.49493 0 414 3.72793  \
  0 419.5 3.49493 0 410.5 3.49493 0 399 3.72793 0  \
  412 3.72793 0 422 3.26193 0 406.5 3.49493 0 424.5  \
  3.49493 0 418 3.26193 0 438.5 3.49493 0 453.5 3.02894  \
  0 439.5 3.49493 0 446 3.72793 0 431.5 3.96092 0  \
  453.5 3.02894 0 394.5 3.02894 0 417.5 3.49493 0 440  \
  3.26193 0 429.5 3.49493 0 434 3.26193 0 432.5 3.02894  \
  0 421 3.26193 0 463 3.26193 0 483 3.26193 0  \
  408.5 3.49493 0 414 3.26193 0 461.5 3.49493 0 434  \
  3.26193 0 468 3.72793 0 488.5 3.49493 0 470.5 3.49493  \
  0 443.5 3.49493 0 445 3.26193 0 413 3.26193 0  \
  442 3.26193 0 443 3.26193 0 474 3.72793 0 527  \
  3.26193 0 466.5 3.49493 0 478 3.72793 0 444.5 3.49493  \
  0 491.5 3.49493 0 490 3.26193 0 486 2.79594 0  \
  442 3.72793 0 427 3.26193 0 449 3.72793 0 385.5  \
  3.96092 0 432.5 3.49493 0 427 3.72793 0 470.5 3.49493  \
  0 433.5 3.49493 0 410.5 3.49493 0 488.5 3.49493 0  \
  518.5 3.49493 0 463 3.26193 0 450.5 3.96092 0 471  \
  3.72793 0 477.5 3.49493 0 477 3.72793 0 477.5 3.02894  \
  0 493 3.72793 0 482 3.26193 0 468.5 3.49493 0  \
  473.5 3.02894 0 446.5 3.49493 0 450 3.26193 0 433.5  \
  3.49493 0 415 3.26193 0 470 3.72793 0 402 3.26193  \
  0 426 3.26193 0 400.5 3.96092 0 396.5 3.96092 0  \
  352 3.26193 0 423.5 3.02894 0 381 3.26193 0 449  \
  3.26193 0 367.5 3.49493 0 370.5 3.49493 0 390 3.26193  \
  0 327.5 3.02894 0 357 3.72793 0 378.5 3.49493 0  \
  358 3.26193 0 411.5 3.49493 0 365 3.26193 0 377  \
  3.26193 0 402.5 3.49493 0 431.5 3.49493 0 457.5 3.02894  \
  0 376 3.26193 0 432 2.79594 0 430 3.72793 0  \
  399.5 3.49493 0 408 3.72793 0 380 3.26193 0 406.5  \
  3.49493 0 450 3.72793 0 430.5 3.49493 0 494.5 3.49493  \
  0 469 3.26193 0 476 3.72793 0 467.5 3.49493 0  \
  466.5 3.49493 0 504 3.26193 0 476.5 3.49493 0 505.5  \
  3.96092 0 484 3.72793 0 451 3.72793 0 530 3.72793  \
  0 493.5 3.49493 0 468 3.72793 0 476.5 3.96092 0  \
  451 3.26193 0 450.5 3.49493 0 459.5 3.49493 0 471  \
  3.72793 0 462 3.72793 0 428 3.26193 0 478.5 3.49493  \
  0 473 3.26193 0 455 3.72793 0 440.5 3.49493 0  \
  472 4.19391 0 502.5 3.49493 0 463.5 3.02894 0 442.5  \
  3.02894 0 447.5 3.02894 0 472 3.26193 0 468 3.72793  \
  0 473.5 3.96092 0 465 3.72793 0 482.5 3.96092 0  \
  510 3.72793 0 483 3.26193 0 500.5 3.49493 0 436  \
  4.19391 0 442.5 3.49493 0 488 3.72793 0 491 3.72793  \
  0 541 3.72793 0 486 3.72793 0 433 3.72793 0  \
  472.5 3.49493 0 470.5 3.02894 0 466.5 3.96092 0 494  \
  3.72793 0 501 3.26193 0 510.5 3.49493 0 470 3.72793  \
  0 483 3.72793 0 489 3.26193 0 487.5 3.49493 0  \
  478 3.26193 0 525.5 3.96092 0 492.5 3.49493 0 500  \
  3.26193 0 463 3.26193 0 548.5 3.49493 0 489 3.72793  \
  0 506 3.26193 0 467.5 3.49493 0 493 3.72793 0  \
  465 3.72793 0 463.5 3.49493 0 411.5 3.49493 0 484  \
  3.26193 0 434 3.72793 0 455.5 3.49493 0 456.5 3.49493  \
  0 492.5 3.49493 0 481 3.72793 0 477.5 3.49493 0  \
  423.5 3.49493 0 459.5 3.96092 0 476 4.19391 0 465  \
  3.72793 0 442 3.72793 0 537.5 3.49493 0 452 3.72793  \
  0 436 3.26193 0 485.5 3.96092 0 478 3.72793 0  \
  466 3.26193 0 483.5 3.96092 0 447 3.72793 0 400.5  \
  3.49493 0 466 3.26193 0 482 3.72793 0 396.5 3.96092  \
  0 442.5 3.49493 0 450.5 3.96092 0 439 3.72793 0  \
  412 3.72793 0 492.5 3.49493 0 398.5 3.96092 0 465.5  \
  3.96092 0 419 3.72793 0 431 3.72793 0 377 3.72793  \
  0 440.5 3.49493 0 382 3.72793 0 403 3.72793 0  \
  406 4.19391 0 377.5 3.49493 0 365 3.72793 0 370  \
  3.72793 0 376.5 3.49493 0 378 3.26193 0 386 4.19391  \
  0 366.5 3.02894 0 376.5 3.96092 0 362 3.72793 0  \
  365 4.19391 0 293.5 3.49493 0 311 4.19391 0 338.5  \
  3.96092 0 339.5 3.49493 0 318.5 3.49493 0 288.5 3.49493  \
  0 324.5 4.42691 0 405 3.72793 0 324 3.72793 0  \
  331 3.72793 0 375.5 3.96092 0 256.5 3.96092 0 284.5  \
  3.96092 0 247 3.72793 0 265.5 3.96092 0 252.5 3.02894  \
  0 246 3.72793 0 244.5 3.96092 0 235.5 3.96092 0  \
  245 4.19391 0 216 4.19391 0 202.5 3.96092 0 450.5  \
  3.96092 0 417.5 3.49493 0 395.5 3.96092 0 425 3.72793  \
  0 408.5 3.96092 0 432.5 3.49493 0 435 3.72793 0  \
  375.5 3.96092 0 395 3.72793 0 385 4.65991 0 376.5  \
  3.96092 0 403.5 4.42691 0 422.5 3.96092 0 379 4.19391  \
  0 353.5 3.96092 0 386.5 2.56295 0 398 4.65991 0  \
  386 3.72793 0 410.5 2.56295 0 392 4.19391 0 417  \
  2.79594 0 377 4.19391 0 434 2.32995 0 371.5 2.56295  \
  0 394.5 4.42691 0 355.5 3.96092 0 347 4.65991 0  \
  347 2.32995 0 331 4.19391 0 367.5 3.96092 0 353.5  \
  3.49493 0 376.5 3.96092 0 308.5 3.96092 0 396 2.32995  \
  0 263 5.1259 0 346 2.32995 0 282.5 3.96092 0  \
  328 3.72793 0 322 3.72793 0 242.5 3.96092 0 290.5  \
  3.96092 0 295.5 3.96092 0 291.5 3.96092 0 309.5 3.96092  \
  0 282.5 4.42691 0 305.5 3.96092 0 296 4.19391 0  \
  283 2.79594 0 260.5 4.42691 0 283.5 3.02894 0 270.5  \
  4.42691 0 314 4.65991 0 268 2.79594 0 272 4.19391  \
  0 309 4.19391 0 243.5 4.42691 0 304 3.72793 0  \
  248 3.72793 0 267 2.32995 0 289.5 4.42691 0 303  \
  3.26193 0 289.5 3.96092 0 356 4.65991 0 354 3.26193  \
  0 486 4.65991 0 469.5 3.96092 0 456 4.19391 0  \
  415 4.19391 0 450 4.65991 0 453.5 4.8929 0 442  \
  4.19391 0 394 4.19391 0 402.5 3.96092 0 453 3.26193  \
  0 404.5 4.42691 0 436.5 3.49493 0 400.5 3.96092 0  \
  344.5 2.56295 0 409 3.72793 0 350 4.65991 0 320.5  \
  4.42691 0 361 3.72793 0 380 3.72793 0 334.5 4.42691  \
  0 357.5 4.8929 0 358 4.19391 0 348 2.79594 0  \
  347 4.19391 0 339.5 2.09696 0 369.5 4.42691 0 358.5  \
  2.56295 0 354.5 3.96092 0 329.5 2.56295 0 329 4.65991  \
  0 351.5 3.96092 0 317 4.19391 0 324.5 2.56295 0  \
  347 4.19391 0 324.5 3.96092 0 344 3.72793 0 373.5  \
  3.96092 0 388.5 3.96092 0 389 4.19391 0 344 4.19391  \
  0 388.5 3.96092 0 355.5 3.49493 0 370 4.19391 0  \
  340.5 3.96092 0 327 3.72793 0 262 4.19391 0 326  \
  4.19391 0 316.5 3.96092 0 240.5 3.96092 0 242.5 3.96092  \
  0 284 3.72793 0 288.5 3.96092 0 281 4.65991 0  \
  265.5 3.96092 0 310 4.65991 0 211 3.72793 0 260  \
  4.65991 0 249 3.26193 0 239 4.19391 0 220 4.19391  \
  0 210.5 3.96092 0 197 4.65991 0 230.5 3.96092 0  \
  267.5 3.96092 0 502 3.72793 0 492.5 3.49493 0 489  \
  3.26193 0 468 4.19391 0 463.5 3.96092 0 499 3.72793  \
  0 462.5 4.42691 0 474.5 3.49493 0 434.5 3.96092 0  \
  445 4.19391 0 413.5 3.49493 0 392 3.72793 0 406  \
  3.26193 0 405.5 3.02894 0 369 3.72793 0 415.5 3.49493  \
  0 409.5 3.49493 0 397 3.72793 0 371.5 3.96092 0  \
  346.5 4.42691 0 417 3.72793 0 367.5 3.96092 0 391  \
  3.26193 0 386 3.72793 0 374 3.72793 0 367 3.72793  \
  0 365.5 3.49493 0 340.5 3.49493 0 349 3.26193 0  \
  338.5 3.96092 0 337.5 3.02894 0 302 3.26193 0 346  \
  3.72793 0 323.5 3.49493 0 274.5 3.49493 0 294 3.72793  \
  0 266.5 3.02894 0 284 3.72793 0 357 3.72793 0  \
  277.5 3.02894 0 283.5 3.02894 0 317 4.19391 0 324  \
  3.26193 0 327 3.72793 0 277.5 3.96092 0 350 3.72793  \
  0 324 7.45585 0 349 9.31981 0 280 3.72793 0  \
  321 3.26193 0 274.5 3.49493 0 284 3.26193 0 308  \
  3.72793 0 290 4.19391 0 278.5 4.42691 0 231 3.72793  \
  0 209 3.72793 0 265.5 3.49493 0 227.5 3.49493 0  \
  227 3.72793 0 205 3.26193 0 265.5 3.49493 0 235  \
  3.72793 0 202 3.72793 0 478 3.72793 0 404 3.72793  \
  0 420.5 4.42691 0 465.5 3.49493 0 442.5 3.49493 0  \
  426 3.72793 0 408.5 3.49493 0 435 3.26193 0 427.5  \
  3.96092 0 451.5 3.96092 0 395 4.19391 0 434 3.72793  \
  0 424.5 3.49493 0 456 3.72793 0 467 3.72793 0  \
  402 3.72793 0 433 3.72793 0 448 3.72793 0 427.5  \
  3.49493 0 398.5 3.49493 0 419.5 4.42691 0 437.5 3.96092  \
  0 411.5 3.96092 0 401.5 3.49493 0 411.5 3.49493 0  \
  407 4.19391 0 401.5 4.42691 0 415 3.72793 0 379.5  \
  3.49493 0 407 3.72793 0 398.5 3.96092 0 390 3.26193  \
  0 349 3.72793 0 356 3.72793 0 408 3.72793 0  \
  354 3.72793 0 331 3.26193 0 326.5 3.49493 0 337.5  \
  3.49493 0 326 3.72793 0 303 3.72793 0 318.5 3.49493  \
  0 323.5 3.49493 0 319 3.72793 0 280 4.19391 0  \
  219 3.26193 0 235 4.19391 0 250 3.26193 0 257  \
  3.72793 0 249 4.19391 0 245.5 3.96092 0 255 3.26193  \
  0 173.5 3.96092 0 225.5 3.49493 0 194.5 3.96092 0  \
  177.5 3.49493 0 186 3.72793 0 198 3.72793 0 166.5  \
  4.42691 0 158 4.19391 0 159 3.26193 0 202 3.26193  \
  0 163.5 3.96092 0 168.5 3.49493 0 447 4.19391 0  \
  462.5 3.49493 0 450 3.26193 0 499 3.26193 0 455  \
  3.26193 0 469.5 3.96092 0 509.5 3.49493 0 449.5 3.49493  \
  0 503.5 3.49493 0 486.5 3.49493 0 491 3.72793 0  \
  425.5 3.49493 0 446.5 3.96092 0 493 3.72793 0 471  \
  3.26193 0 410 3.72793 0 412 3.26193 0 479.5 3.49493  \
  0 465.5 4.42691 0 419.5 3.96092 0 421.5 3.49493 0  \
  416.5 3.96092 0 438 4.19391 0 425 3.72793 0 463.5  \
  3.49493 0 413 4.19391 0 443 4.19391 0 450 3.72793  \
  0 426 3.72793 0 408 3.72793 0 399.5 3.96092 0  \
  345 4.19391 0 351 4.19391 0 428 4.19391 0 370.5  \
  2.56295 0 358 3.72793 0 368 3.72793 0 354.5 3.49493  \
  0 345 3.72793 0 347.5 5.35889 0 361.5 3.96092 0  \
  291 4.19391 0 295.5 3.49493 0 319.5 3.02894 0 317  \
  4.19391 0 309.5 3.96092 0 291.5 3.96092 0 280 3.26193  \
  0 272 3.72793 0 259.5 3.96092 0 295.5 3.49493 0  \
  337.5 3.96092 0 286.5 3.49493 0 230.5 3.96092 0 218.5  \
  3.49493 0 233 4.19391 0 261.5 3.96092 0 232 3.72793  \
  0 264 3.26193 0 237.5 3.96092 0 271 4.19391 0  \
  196.5 3.96092 0 167.5 3.96092 0 201.5 3.96092 
amsDetNumberPar:  Int_t  4 
amsStripNumberPar:  Int_t  1024 
amsStripSNumberPar:  Int_t  640 
amsStripKNumberPar:  Int_t  384 
amsStripParamsFitPar:  Int_t  3 
